60481 0.459115 0.251389 0.015104 0.037963
60481 0.421354 0.261111 0.022917 0.046296
6215 0.609635 0.368519 0.030729 0.040741
6215 0.481250 0.400926 0.026042 0.040741
6215 0.543490 0.578241 0.035937 0.063889
3045 0.565365 0.281944 0.025521 0.032407
3045 0.445312 0.375926 0.019792 0.033333
3045 0.419010 0.382407 0.020313 0.042593
3045 0.595833 0.585648 0.027083 0.047222
3069 0.607552 0.336111 0.017188 0.029630
3069 0.658333 0.355556 0.015625 0.033333
3069 0.721094 0.712037 0.019271 0.042593
6141 0.382292 0.415278 0.009375 0.015741
6141 0.526042 0.505556 0.009375 0.016667
6141 0.400781 0.520833 0.008854 0.015741
6141 0.364844 0.553241 0.009896 0.017593
30136 0.453125 0.509259 0.010417 0.038889
3009 0.478906 0.247222 0.033854 0.079630
50950 0.497135 0.614815 0.030729 0.024074
32807 0.577344 0.216667 0.020313 0.027778
32807 0.504427 0.360185 0.019271 0.035185
32807 0.528906 0.436111 0.019271 0.031481
32807 0.645573 0.722685 0.025521 0.032407
3676 0.394792 0.116667 0.013542 0.042593
3676 0.499479 0.259259 0.012500 0.044444
2431 0.381250 0.494907 0.029167 0.060185
3021 0.560937 0.417593 0.021875 0.040741
93273 0.534375 0.334722 0.012500 0.062037
93273 0.531250 0.401389 0.026042 0.054630
93273 0.600521 0.447222 0.033333 0.051852
3039 0.441406 0.317130 0.030729 0.067593
3039 0.519531 0.329630 0.017188 0.044444
3039 0.631771 0.332870 0.021875 0.039815
3039 0.489323 0.426389 0.023438 0.036111
3039 0.465365 0.436111 0.021354 0.042593
3039 0.401823 0.688426 0.028646 0.054630
3665 0.450000 0.405093 0.015625 0.034259
3660 0.463542 0.368519 0.022917 0.040741
3660 0.511198 0.405556 0.023438 0.040741
3660 0.417448 0.487037 0.020313 0.050000
3660 0.538802 0.525000 0.027604 0.051852
3660 0.596094 0.537963 0.024479 0.042593
3660 0.638281 0.554630 0.030729 0.046296
3034 0.617448 0.188889 0.068229 0.029630
3034 0.538802 0.264352 0.023438 0.121296
3034 0.439063 0.524537 0.029167 0.141667
3034 0.515104 0.537037 0.041667 0.135185
3001 0.389062 0.193981 0.034375 0.063889
3001 0.576302 0.248611 0.035937 0.039815
3001 0.486719 0.298148 0.032813 0.072222
3001 0.421094 0.553704 0.022396 0.070370
30414 0.498437 0.450926 0.038542 0.044444
44237 0.520052 0.265741 0.019271 0.094444
44237 0.614323 0.298148 0.056771 0.035185
44237 0.648438 0.458333 0.053125 0.100000
85984 0.518229 0.481019 0.017708 0.034259
85984 0.501823 0.530093 0.010937 0.037963
3068 0.387500 0.451852 0.021875 0.035185
3068 0.395573 0.562500 0.027604 0.036111
3004 0.560156 0.508796 0.023438 0.034259
3004 0.648177 0.524537 0.024479 0.036111
3710 0.509375 0.259259 0.015625 0.051852
3710 0.447396 0.271296 0.025000 0.024074
3710 0.468229 0.281944 0.002083 0.013889
3710 0.592969 0.341204 0.018229 0.034259
3710 0.318490 0.450463 0.023438 0.063889
3710 0.470833 0.662963 0.014583 0.075926
4070 0.552344 0.234259 0.010937 0.022222
4070 0.567969 0.300463 0.007812 0.008333
4070 0.463281 0.326389 0.014063 0.026852
4070 0.402865 0.337037 0.015104 0.027778
4070 0.544531 0.344907 0.010937 0.026852
4070 0.531771 0.462500 0.013542 0.028704
4070 0.488281 0.484259 0.015104 0.029630
4070 0.579167 0.617130 0.016667 0.026852
3622 0.551042 0.436111 0.017708 0.055556
3040 0.412240 0.171296 0.011979 0.024074
4287 0.458854 0.290741 0.019792 0.051852
4287 0.602865 0.416667 0.025521 0.051852
4287 0.476302 0.519444 0.030729 0.025926
4287 0.685937 0.745370 0.021875 0.061111
3020 0.626563 0.268981 0.036458 0.047222
3020 0.570052 0.318981 0.039062 0.045370
3020 0.395833 0.562037 0.057292 0.098148
3020 0.386198 0.563426 0.000521 0.000926
3020 0.387240 0.564352 0.000521 0.000926
3020 0.388281 0.565278 0.000521 0.000926
3020 0.389323 0.566204 0.000521 0.000926
85080 0.508073 0.221296 0.025521 0.033333
85080 0.619792 0.253704 0.017708 0.029630
85080 0.591927 0.486111 0.018229 0.044444
3795 0.564583 0.414815 0.044792 0.183333
3005 0.569010 0.559259 0.010937 0.027778
3005 0.432552 0.612963 0.016146 0.025926
3659 0.555208 0.367593 0.016667 0.061111
3659 0.369271 0.530556 0.041667 0.042593
3037 0.554167 0.201389 0.018750 0.047222
3037 0.443490 0.439352 0.035937 0.060185
3037 0.628385 0.488426 0.041146 0.039815
3003 0.412240 0.288889 0.021354 0.048148
3460 0.534635 0.369907 0.059896 0.067593
54200 0.584896 0.562500 0.010417 0.023148
54200 0.606771 0.603241 0.014583 0.023148
54200 0.294531 0.686111 0.016146 0.024074
3062 0.341406 0.280556 0.013021 0.022222
6143 0.460417 0.472222 0.019792 0.038889
6143 0.465365 0.566667 0.020313 0.038889
6143 0.362240 0.621296 0.023438 0.042593
3031 0.661719 0.370833 0.042188 0.071296
3031 0.659896 0.340278 0.001042 0.000926
3666 0.476823 0.340741 0.016146 0.085185
3010 0.425260 0.352778 0.038021 0.031481
3010 0.709375 0.406019 0.040625 0.043519
