42 0.453646 0.295833 0.019792 0.045370
42 0.535937 0.570833 0.018750 0.041667
42 0.487240 0.569444 0.024479 0.037037
42 0.402344 0.642593 0.023438 0.035185
34 0.554688 0.499074 0.030208 0.044444
34 0.401302 0.513426 0.031771 0.037963
34 0.416927 0.599074 0.026562 0.038889
34 0.466667 0.673611 0.017708 0.050926
17 0.506250 0.692130 0.021875 0.039815
32 0.389844 0.834259 0.008854 0.016667
36 0.542969 0.352315 0.019271 0.036111
36 0.599479 0.497222 0.013542 0.031481
6 0.529167 0.649537 0.023958 0.097222
40 0.386719 0.331481 0.023438 0.046296
40 0.438021 0.428704 0.028125 0.025926
38 0.437760 0.486111 0.017188 0.027778
38 0.566146 0.714815 0.016667 0.033333
27 0.377344 0.387500 0.021354 0.025000
27 0.490625 0.455556 0.020833 0.037037
1 0.441667 0.373148 0.034375 0.027778
1 0.477604 0.437500 0.036458 0.030556
4 0.429948 0.653241 0.027604 0.050926
9 0.453125 0.411111 0.013542 0.048148
11 0.535937 0.481481 0.018750 0.018519
11 0.519271 0.631481 0.010417 0.016667
11 0.383594 0.745370 0.018229 0.025926
45 0.440104 0.311111 0.021875 0.046296
45 0.393750 0.396759 0.029167 0.041667
45 0.474479 0.452778 0.011458 0.062963
45 0.395573 0.572685 0.035937 0.032407
45 0.620313 0.646296 0.030208 0.057407
15 0.451823 0.588426 0.017188 0.034259
25 0.419792 0.459259 0.017708 0.031481
24 0.516667 0.519444 0.018750 0.029630
13 0.377344 0.297685 0.069271 0.080556
13 0.559115 0.341204 0.047396 0.112037
13 0.351562 0.437963 0.070833 0.040741
13 0.387500 0.653704 0.068750 0.103704
0 0.491146 0.520370 0.038542 0.072222
37 0.399219 0.361574 0.036979 0.026852
37 0.459375 0.480556 0.035417 0.061111
37 0.394792 0.494907 0.017708 0.067593
39 0.469792 0.342593 0.055208 0.048148
39 0.510938 0.459259 0.035417 0.096296
19 0.511198 0.610185 0.023438 0.040741
3 0.364844 0.269907 0.021354 0.034259
3 0.462760 0.557870 0.014063 0.019444
3 0.255208 0.590278 0.016667 0.032407
28 0.346094 0.356944 0.033854 0.047222
28 0.531771 0.522685 0.029167 0.058333
30 0.479687 0.281481 0.009375 0.024074
30 0.518490 0.849074 0.013021 0.022222
22 0.428385 0.274074 0.027604 0.027778
22 0.520833 0.318981 0.028125 0.034259
22 0.354167 0.467593 0.029167 0.025926
22 0.447917 0.623611 0.025000 0.052778
22 0.452604 0.711574 0.025000 0.050926
16 0.561198 0.459259 0.020313 0.027778
16 0.317969 0.667130 0.018229 0.034259
16 0.414583 0.699074 0.010417 0.020370
31 0.491406 0.289352 0.011979 0.049074
31 0.397917 0.378704 0.025000 0.012963
31 0.514062 0.554630 0.019792 0.040741
31 0.427604 0.556481 0.017708 0.012963
8 0.424740 0.724074 0.035937 0.035185
43 0.372135 0.361574 0.017188 0.039815
43 0.341927 0.683796 0.018229 0.036111
29 0.509635 0.355556 0.051562 0.048148
23 0.550000 0.654630 0.031250 0.061111
14 0.355208 0.393981 0.018750 0.067593
14 0.499740 0.391667 0.038021 0.053704
14 0.588802 0.409259 0.016146 0.068519
14 0.472917 0.586111 0.030208 0.035185
2 0.569531 0.435648 0.022396 0.032407
2 0.409115 0.448611 0.024479 0.039815
2 0.448177 0.461111 0.020313 0.029630
2 0.651563 0.484259 0.027083 0.044444
2 0.467448 0.537037 0.020313 0.029630
2 0.592708 0.718981 0.023958 0.041667
10 0.323958 0.399074 0.022917 0.038889
10 0.458073 0.509259 0.019271 0.020370
10 0.318490 0.696759 0.023438 0.036111
21 0.313802 0.313426 0.033854 0.110185
21 0.530208 0.473611 0.017708 0.117593
21 0.294010 0.586574 0.046354 0.115741
21 0.408073 0.543519 0.069271 0.022222
41 0.373698 0.414815 0.013021 0.020370
41 0.477344 0.418981 0.008854 0.012037
41 0.544531 0.467130 0.013021 0.021296
41 0.563281 0.595370 0.013021 0.022222
41 0.322396 0.622685 0.012500 0.023148
41 0.344792 0.657870 0.013542 0.021296
35 0.423177 0.485648 0.024479 0.058333
18 0.402865 0.608333 0.014063 0.022222
33 0.427865 0.518056 0.019271 0.037963
33 0.345313 0.595370 0.020833 0.031481
12 0.470313 0.387037 0.033333 0.064815
12 0.547396 0.402315 0.041667 0.078704
12 0.410417 0.405093 0.037500 0.056481
26 0.418229 0.568056 0.051042 0.028704
26 0.513542 0.578241 0.027083 0.034259
26 0.491406 0.649074 0.054688 0.016667
7 0.490365 0.545370 0.032813 0.053704
7 0.419792 0.617130 0.038542 0.049074
7 0.478646 0.609259 0.032292 0.022222
7 0.397656 0.705556 0.036979 0.059259
