0 0.099219 0.464352 0.046354 0.082407
0 0.108073 0.406019 0.035937 0.058333
0 0.170313 0.444444 0.031250 0.125926
0 0.134115 0.436111 0.045312 0.116667
0 0.140885 0.367130 0.059896 0.080556
0 0.134635 0.308333 0.070312 0.075926
0 0.136979 0.360648 0.111458 0.076852
0 0.185156 0.304167 0.044271 0.058333
0 0.201042 0.337963 0.015625 0.033333
0 0.199740 0.371759 0.016146 0.028704
0 0.225000 0.379167 0.034375 0.058333
0 0.230990 0.315741 0.032813 0.075926
0 0.246875 0.324537 0.029167 0.071296
0 0.279687 0.280556 0.020833 0.050000
0 0.131510 0.248611 0.034896 0.054630
0 0.159896 0.250926 0.035417 0.057407
0 0.189323 0.232870 0.027604 0.084259
0 0.211979 0.259722 0.029167 0.039815
0 0.195833 0.180556 0.020833 0.038889
0 0.204687 0.201389 0.015625 0.028704
0 0.235677 0.166204 0.054688 0.049074
0 0.272917 0.174074 0.027083 0.027778
0 0.282552 0.188426 0.024479 0.041667
0 0.309635 0.181481 0.029687 0.053704
0 0.268490 0.223611 0.031771 0.054630
0 0.226302 0.230093 0.052604 0.076852
0 0.248177 0.202778 0.035937 0.051852
0 0.260156 0.412963 0.016146 0.040741
0 0.244792 0.529167 0.025000 0.028704
0 0.277344 0.378241 0.023438 0.037963
0 0.279167 0.348611 0.030208 0.036111
0 0.249479 0.685648 0.041667 0.052778
0 0.296875 0.611574 0.065625 0.039815
0 0.338802 0.640741 0.021354 0.044444
0 0.316927 0.512037 0.045312 0.090741
0 0.358073 0.514815 0.039062 0.074074
0 0.383073 0.535185 0.028646 0.070370
0 0.415104 0.557870 0.064583 0.078704
0 0.455208 0.574537 0.019792 0.049074
0 0.544792 0.625463 0.032292 0.052778
0 0.594010 0.596296 0.090104 0.083333
0 0.524479 0.593056 0.050000 0.080556
0 0.636979 0.512037 0.047917 0.057407
0 0.603906 0.490741 0.026562 0.055556
0 0.599479 0.536111 0.019792 0.062963
0 0.569792 0.500926 0.044792 0.070370
0 0.554427 0.540741 0.032813 0.044444
0 0.524479 0.521759 0.047917 0.119444
0 0.483854 0.480093 0.031250 0.045370
0 0.450260 0.479630 0.057813 0.074074
0 0.452865 0.443981 0.054688 0.069444
0 0.355208 0.435648 0.053125 0.082407
0 0.385156 0.389815 0.030729 0.048148
0 0.455208 0.400463 0.020833 0.045370
0 0.532813 0.451389 0.015625 0.037963
0 0.564844 0.410185 0.031771 0.044444
0 0.584635 0.367130 0.029687 0.067593
0 0.609635 0.303704 0.034896 0.062963
0 0.621094 0.282870 0.054688 0.069444
0 0.556250 0.335648 0.036458 0.060185
0 0.542969 0.362500 0.039062 0.045370
0 0.539844 0.390278 0.016146 0.043519
0 0.525000 0.396759 0.054167 0.082407
0 0.316667 0.343056 0.035417 0.063889
0 0.344010 0.343981 0.025521 0.047222
0 0.337240 0.311574 0.038021 0.039815
0 0.360677 0.335648 0.020313 0.086111
0 0.375260 0.331019 0.013021 0.069444
0 0.394792 0.349537 0.029167 0.037963
0 0.399479 0.305556 0.041667 0.062963
0 0.421875 0.328704 0.028125 0.048148
0 0.407292 0.270370 0.015625 0.025926
0 0.342187 0.225463 0.026042 0.036111
0 0.373437 0.230556 0.040625 0.053704
0 0.394792 0.097685 0.038542 0.047222
0 0.436979 0.120370 0.014583 0.033333
0 0.448958 0.087500 0.040625 0.050926
0 0.477083 0.101389 0.034375 0.021296
0 0.445052 0.149537 0.025521 0.041667
0 0.459375 0.152778 0.031250 0.044444
0 0.478385 0.158796 0.036979 0.062037
0 0.489844 0.120833 0.088021 0.043519
0 0.514323 0.159722 0.043229 0.093519
0 0.495052 0.175463 0.021354 0.041667
0 0.488021 0.198611 0.016667 0.030556
0 0.483854 0.225926 0.013542 0.027778
0 0.469531 0.205093 0.025521 0.041667
0 0.420833 0.245370 0.053125 0.042593
0 0.452865 0.226389 0.065104 0.067593
0 0.474479 0.269907 0.014583 0.025000
0 0.465625 0.304630 0.035417 0.050000
0 0.430469 0.291204 0.023438 0.047222
0 0.458854 0.341204 0.027083 0.043519
0 0.487500 0.328704 0.033333 0.053704
0 0.486198 0.295833 0.028646 0.037963
0 0.501563 0.251389 0.040625 0.091667
0 0.518490 0.243056 0.023438 0.063889
0 0.527865 0.267593 0.013021 0.024074
0 0.580729 0.208333 0.029167 0.053704
0 0.600000 0.229630 0.032292 0.053704
0 0.587760 0.189815 0.081771 0.088889
0 0.546354 0.201852 0.039583 0.090741
0 0.547917 0.252315 0.028125 0.041667
0 0.517448 0.331019 0.089063 0.126852
0 0.580729 0.300463 0.037500 0.073148
