0 0.214844 0.879630 0.048438 0.087037
0 0.144271 0.899074 0.043750 0.098148
0 0.148958 0.818519 0.104167 0.157407
0 0.267708 0.764352 0.019792 0.054630
0 0.307812 0.798148 0.060417 0.107407
0 0.240885 0.756019 0.031771 0.050926
0 0.415104 0.782407 0.050000 0.087037
0 0.369271 0.735648 0.041667 0.076852
0 0.357031 0.692130 0.038021 0.069444
0 0.241667 0.618519 0.033333 0.074074
0 0.153125 0.619907 0.050000 0.065741
0 0.125521 0.596296 0.057292 0.092593
0 0.179948 0.539352 0.067187 0.080556
0 0.203646 0.504630 0.044792 0.072222
0 0.076823 0.473611 0.035937 0.047222
0 0.098958 0.497685 0.070833 0.076852
0 0.145313 0.444907 0.036458 0.076852
0 0.257552 0.493981 0.069271 0.054630
0 0.331771 0.399537 0.025000 0.047222
0 0.285938 0.408333 0.031250 0.051852
0 0.255990 0.443981 0.046354 0.050926
0 0.192448 0.434259 0.042188 0.070370
0 0.217708 0.453241 0.034375 0.058333
0 0.243490 0.396296 0.050521 0.088889
0 0.205729 0.400926 0.037500 0.048148
0 0.137500 0.406019 0.103125 0.087963
0 0.121875 0.360185 0.052083 0.046296
0 0.138542 0.325000 0.022917 0.031481
0 0.133073 0.187500 0.027604 0.039815
0 0.136458 0.276389 0.021875 0.041667
0 0.164844 0.281481 0.048438 0.075926
0 0.254167 0.257870 0.051042 0.084259
0 0.212500 0.242130 0.053125 0.076852
0 0.178906 0.321759 0.094271 0.113889
0 0.153125 0.210648 0.061458 0.100926
0 0.169792 0.146759 0.031250 0.037963
0 0.207292 0.093056 0.046875 0.073148
0 0.210677 0.143981 0.044271 0.060185
0 0.220573 0.166667 0.020313 0.029630
0 0.236458 0.193056 0.032292 0.041667
0 0.282813 0.201389 0.059375 0.052778
0 0.245833 0.144444 0.035417 0.051852
0 0.287240 0.127315 0.048438 0.065741
0 0.397656 0.255556 0.013021 0.024074
0 0.363281 0.132870 0.056771 0.078704
0 0.368750 0.092130 0.027083 0.049074
0 0.401302 0.095833 0.023438 0.054630
0 0.416927 0.128704 0.022396 0.037037
0 0.433333 0.070370 0.016667 0.040741
0 0.483594 0.109722 0.049479 0.041667
0 0.523698 0.215741 0.029687 0.046296
0 0.508333 0.265741 0.030208 0.068519
0 0.486198 0.293981 0.058854 0.034259
0 0.536979 0.261574 0.031250 0.043519
0 0.427083 0.359722 0.032292 0.045370
0 0.403906 0.355556 0.025521 0.055556
0 0.367708 0.472685 0.034375 0.037963
0 0.391927 0.498611 0.035937 0.041667
0 0.388802 0.453704 0.049479 0.057407
0 0.427344 0.478241 0.033854 0.047222
0 0.438802 0.524537 0.029687 0.063889
0 0.466667 0.435185 0.034375 0.051852
0 0.490625 0.425000 0.020833 0.083333
0 0.489323 0.348148 0.015104 0.027778
0 0.528125 0.420370 0.015625 0.027778
0 0.553906 0.410185 0.033854 0.040741
0 0.535677 0.392593 0.063021 0.070370
0 0.553385 0.352315 0.024479 0.026852
0 0.581510 0.293519 0.039062 0.068519
0 0.619792 0.311111 0.037500 0.068519
0 0.582292 0.482870 0.038542 0.058333
0 0.613802 0.420833 0.036979 0.145370
0 0.558333 0.178704 0.047917 0.092593
0 0.594792 0.117593 0.060417 0.081481
0 0.597135 0.161574 0.048438 0.063889
0 0.648438 0.181944 0.089583 0.078704
0 0.623698 0.239352 0.030729 0.060185
0 0.645052 0.228241 0.016146 0.039815
0 0.668490 0.357870 0.015104 0.036111
0 0.648958 0.132870 0.058333 0.067593
0 0.701302 0.078704 0.016146 0.055556
0 0.755729 0.115278 0.044792 0.039815
0 0.736198 0.157870 0.032813 0.050926
0 0.774479 0.189815 0.092708 0.035185
0 0.714063 0.254167 0.031250 0.043519
0 0.698958 0.297685 0.031250 0.050926
0 0.681510 0.271759 0.088021 0.054630
0 0.771354 0.297685 0.034375 0.065741
0 0.745313 0.333333 0.040625 0.070370
0 0.726562 0.347685 0.027083 0.086111
0 0.703125 0.379630 0.046875 0.062963
0 0.742969 0.412963 0.020313 0.042593
0 0.709635 0.453704 0.060937 0.081481
0 0.766927 0.462037 0.045312 0.190741
0 0.656250 0.541667 0.036458 0.081481
0 0.622917 0.591667 0.038542 0.051852
0 0.666667 0.637963 0.073958 0.044444
0 0.592187 0.683333 0.079167 0.157407
0 0.604948 0.706481 0.055729 0.107407
0 0.660677 0.715278 0.082812 0.095370
0 0.605208 0.756481 0.028125 0.048148
0 0.576302 0.790741 0.053646 0.087037
0 0.633594 0.809722 0.059896 0.108333
0 0.596615 0.878241 0.084896 0.149074
0 0.706250 0.918519 0.046875 0.068519
0 0.827865 0.621296 0.071354 0.092593
0 0.775521 0.700926 0.085417 0.094444
0 0.770312 0.764815 0.093750 0.116667
0 0.786719 0.879167 0.054688 0.139815
0 0.825521 0.821759 0.033333 0.084259
0 0.845833 0.881019 0.071875 0.134259
0 0.875521 0.786574 0.052083 0.093519
0 0.836458 0.743056 0.041667 0.104630
