0 0.030990 0.454630 0.039062 0.088889
0 0.047135 0.374537 0.048438 0.071296
0 0.089844 0.729167 0.030729 0.080556
0 0.117708 0.692593 0.036458 0.062963
0 0.086458 0.599537 0.037500 0.095370
0 0.083854 0.497685 0.036458 0.115741
0 0.117448 0.570833 0.057813 0.084259
0 0.145313 0.592593 0.067708 0.087037
0 0.145833 0.670833 0.065625 0.104630
0 0.180469 0.711574 0.063021 0.102778
0 0.167969 0.631944 0.038021 0.056481
0 0.207031 0.558333 0.038021 0.066667
0 0.175260 0.531944 0.069271 0.063889
0 0.132031 0.518056 0.065104 0.062037
0 0.123698 0.481481 0.027604 0.062963
0 0.189323 0.454630 0.046354 0.081481
0 0.235677 0.470833 0.018229 0.030556
0 0.166927 0.250463 0.034896 0.049074
0 0.138281 0.289815 0.040104 0.085185
0 0.184375 0.378241 0.059375 0.052778
0 0.194792 0.348611 0.020833 0.030556
0 0.216406 0.349537 0.036979 0.067593
0 0.221354 0.322222 0.039583 0.077778
0 0.219010 0.280093 0.061979 0.121296
0 0.228646 0.244444 0.034375 0.053704
0 0.191406 0.199074 0.021354 0.031481
0 0.215625 0.188889 0.031250 0.042593
0 0.248958 0.197685 0.025000 0.041667
0 0.261458 0.212500 0.015625 0.028704
0 0.243490 0.252315 0.020313 0.075000
0 0.284375 0.280093 0.029167 0.032407
0 0.307292 0.144444 0.015625 0.031481
0 0.329427 0.213889 0.032813 0.092593
0 0.348698 0.166204 0.021354 0.037963
0 0.356771 0.195370 0.025000 0.031481
0 0.361198 0.229630 0.051562 0.051852
0 0.357812 0.294444 0.034375 0.040741
0 0.363802 0.331019 0.038021 0.037963
0 0.346354 0.386111 0.028125 0.031481
0 0.363281 0.395370 0.014063 0.033333
0 0.370052 0.404630 0.013021 0.024074
0 0.383594 0.384722 0.030729 0.045370
0 0.398177 0.417593 0.057813 0.061111
0 0.403906 0.210185 0.035937 0.057407
0 0.409635 0.101852 0.044271 0.050000
0 0.418229 0.153241 0.031250 0.062037
0 0.400000 0.177315 0.028125 0.028704
0 0.435156 0.176389 0.024479 0.047222
0 0.447656 0.145833 0.019271 0.030556
0 0.481771 0.089815 0.089583 0.053704
0 0.523958 0.143981 0.043750 0.097222
0 0.472135 0.182870 0.041146 0.058333
0 0.462240 0.239815 0.029687 0.081481
0 0.488281 0.256481 0.030729 0.053704
0 0.504167 0.276852 0.026042 0.051852
0 0.464062 0.326389 0.050000 0.071296
0 0.486979 0.333333 0.019792 0.035185
0 0.501823 0.315741 0.027604 0.046296
0 0.544010 0.319444 0.061979 0.105556
0 0.444531 0.405556 0.035937 0.055556
0 0.456510 0.447222 0.042188 0.042593
0 0.508854 0.384259 0.081250 0.061111
0 0.538802 0.360648 0.021354 0.045370
0 0.553906 0.387500 0.011979 0.023148
0 0.583594 0.398148 0.033854 0.077778
0 0.566406 0.416204 0.031771 0.056481
0 0.527344 0.441667 0.057813 0.059259
0 0.489583 0.481019 0.031250 0.047222
0 0.511198 0.478241 0.018229 0.037963
0 0.505729 0.510185 0.033333 0.053704
0 0.541927 0.478241 0.043229 0.062037
0 0.557813 0.495370 0.056250 0.075926
0 0.278646 0.376389 0.043750 0.073148
0 0.302083 0.389352 0.021875 0.054630
0 0.281510 0.409259 0.018229 0.024074
0 0.277344 0.450000 0.044271 0.066667
0 0.244531 0.500926 0.042188 0.050000
0 0.259375 0.517130 0.018750 0.041667
0 0.238802 0.543519 0.020313 0.059259
0 0.259375 0.569907 0.021875 0.080556
0 0.285417 0.534722 0.039583 0.099074
0 0.301563 0.589352 0.033333 0.039815
0 0.313281 0.609259 0.030729 0.050000
0 0.345052 0.612963 0.033854 0.050000
0 0.338542 0.559722 0.028125 0.049074
0 0.369531 0.610648 0.019271 0.069444
0 0.264583 0.673611 0.098958 0.084259
0 0.310937 0.703241 0.077083 0.154630
0 0.396875 0.564815 0.019792 0.044444
0 0.390625 0.595833 0.025000 0.043519
0 0.402083 0.642130 0.051042 0.058333
0 0.435677 0.608796 0.038021 0.067593
0 0.433594 0.531944 0.049479 0.087963
0 0.459896 0.573611 0.036458 0.058333
0 0.474479 0.581481 0.031250 0.040741
0 0.467187 0.637963 0.033333 0.066667
0 0.522135 0.669444 0.015104 0.035185
0 0.611979 0.622222 0.040625 0.057407
0 0.565625 0.592593 0.030208 0.051852
0 0.527604 0.577778 0.117708 0.144444
0 0.557031 0.626852 0.074479 0.120370
0 0.496094 0.548148 0.038021 0.051852
0 0.686198 0.614815 0.044271 0.068519
0 0.625781 0.506019 0.032813 0.049074
0 0.650521 0.543056 0.038542 0.073148
0 0.685937 0.540278 0.033333 0.067593
0 0.690365 0.455093 0.040104 0.132407
0 0.722396 0.453241 0.031250 0.045370
0 0.744271 0.520833 0.036458 0.067593
0 0.729167 0.388426 0.047917 0.145370
0 0.502604 0.648611 0.035417 0.069444
0 0.585938 0.474537 0.020833 0.050926
