0 0.253906 0.355093 0.032813 0.084259
0 0.256250 0.425463 0.031250 0.028704
0 0.268750 0.319907 0.020833 0.058333
0 0.327083 0.380556 0.025000 0.053704
0 0.289583 0.320370 0.050000 0.135185
0 0.307812 0.327778 0.018750 0.077778
0 0.309635 0.465741 0.064062 0.100000
0 0.345052 0.449074 0.019271 0.042593
0 0.348438 0.424074 0.033333 0.053704
0 0.375000 0.478704 0.031250 0.061111
0 0.372656 0.533333 0.031771 0.055556
0 0.390365 0.564352 0.038021 0.065741
0 0.407552 0.530093 0.036979 0.060185
0 0.348438 0.595370 0.065625 0.101852
0 0.335938 0.336574 0.046875 0.069444
0 0.334896 0.290741 0.078125 0.079630
0 0.348177 0.267130 0.071354 0.078704
0 0.339583 0.216667 0.085417 0.090741
0 0.368490 0.239815 0.028646 0.046296
0 0.387760 0.252315 0.020313 0.041667
0 0.410417 0.255556 0.033333 0.064815
0 0.387500 0.293519 0.023958 0.048148
0 0.425521 0.324074 0.026042 0.044444
0 0.429688 0.349074 0.019792 0.042593
0 0.382292 0.369444 0.044792 0.057407
0 0.372656 0.435185 0.029687 0.042593
0 0.406510 0.456019 0.041146 0.104630
0 0.447656 0.512037 0.052604 0.094444
0 0.456771 0.569444 0.039583 0.053704
0 0.468490 0.493056 0.026562 0.056481
0 0.428125 0.436574 0.046875 0.087963
0 0.410938 0.361111 0.019792 0.040741
0 0.464062 0.452778 0.036458 0.050000
0 0.493490 0.505093 0.030729 0.047222
0 0.508333 0.595833 0.043750 0.078704
0 0.478906 0.581019 0.095312 0.149074
0 0.533854 0.515741 0.021875 0.037037
0 0.552344 0.515741 0.016146 0.031481
0 0.539844 0.556019 0.060937 0.060185
0 0.584896 0.517130 0.022917 0.060185
0 0.565365 0.509259 0.030729 0.083333
0 0.523438 0.476389 0.058333 0.056481
0 0.489844 0.465741 0.019271 0.044444
0 0.482812 0.438426 0.015625 0.028704
0 0.515885 0.447222 0.053646 0.048148
0 0.504167 0.418056 0.031250 0.037963
0 0.482031 0.409722 0.015104 0.026852
0 0.453646 0.407407 0.052083 0.062963
0 0.447656 0.368519 0.075521 0.068519
0 0.517448 0.385648 0.014063 0.023148
0 0.532813 0.432407 0.041667 0.070370
0 0.490365 0.375000 0.056771 0.057407
0 0.523438 0.355093 0.020833 0.065741
0 0.484115 0.315741 0.020313 0.044444
0 0.493750 0.343981 0.017708 0.028704
0 0.457813 0.293056 0.045833 0.075000
0 0.422917 0.294907 0.066667 0.087963
0 0.436198 0.246296 0.026562 0.044444
0 0.473698 0.250926 0.020313 0.040741
0 0.477604 0.215278 0.015625 0.050926
0 0.457813 0.216204 0.023958 0.056481
0 0.449219 0.202315 0.043229 0.062037
0 0.460156 0.170370 0.025521 0.033333
0 0.484896 0.155556 0.029167 0.037037
0 0.499740 0.171759 0.032813 0.034259
0 0.507812 0.221759 0.025000 0.023148
0 0.499219 0.269907 0.027604 0.076852
0 0.520573 0.314815 0.050521 0.059259
0 0.543490 0.390741 0.034896 0.103704
0 0.580729 0.425463 0.046875 0.065741
0 0.568750 0.378241 0.035417 0.056481
0 0.582552 0.371759 0.014063 0.032407
0 0.630208 0.390741 0.031250 0.046296
0 0.657813 0.366667 0.036458 0.046296
0 0.640365 0.439815 0.039062 0.114815
0 0.665625 0.428241 0.039583 0.069444
0 0.596875 0.350926 0.057292 0.068519
0 0.550521 0.333333 0.041667 0.055556
0 0.527344 0.209259 0.017188 0.033333
0 0.535417 0.185185 0.031250 0.048148
0 0.539323 0.158796 0.046354 0.045370
0 0.559375 0.198611 0.023958 0.049074
0 0.526563 0.262037 0.047917 0.055556
0 0.577604 0.292593 0.045833 0.051852
0 0.616406 0.291204 0.036979 0.030556
0 0.624219 0.262963 0.026562 0.031481
0 0.584896 0.236111 0.055208 0.061111
0 0.591667 0.184722 0.073958 0.106481
0 0.616667 0.184259 0.011458 0.033333
0 0.610156 0.168981 0.045312 0.034259
0 0.643229 0.197685 0.028125 0.052778
0 0.677604 0.236574 0.050000 0.080556
0 0.667969 0.274537 0.029687 0.054630
