0 0.333333 0.769444 0.073958 0.127778
0 0.320312 0.681481 0.043750 0.066667
0 0.203646 0.558333 0.035417 0.050000
0 0.334896 0.613426 0.035417 0.054630
0 0.380469 0.647222 0.067187 0.077778
0 0.422656 0.619444 0.035937 0.079630
0 0.459635 0.629167 0.038021 0.060185
0 0.466406 0.595833 0.031771 0.045370
0 0.463542 0.555093 0.026042 0.039815
0 0.341927 0.545370 0.024479 0.035185
0 0.557813 0.607407 0.048958 0.055556
0 0.607552 0.548148 0.048438 0.087037
0 0.530208 0.579167 0.062500 0.076852
0 0.552604 0.529167 0.021875 0.036111
0 0.566146 0.504630 0.030208 0.051852
0 0.514062 0.540741 0.060417 0.046296
0 0.551562 0.491204 0.048958 0.063889
0 0.544531 0.463889 0.023438 0.050000
0 0.564583 0.431019 0.020833 0.080556
0 0.595573 0.435185 0.050521 0.068519
0 0.551042 0.427778 0.017708 0.037037
0 0.371875 0.515741 0.034375 0.061111
0 0.331250 0.498148 0.066667 0.088889
0 0.259115 0.455556 0.031771 0.092593
0 0.276562 0.405093 0.019792 0.063889
0 0.291406 0.452315 0.044271 0.162037
0 0.219792 0.399074 0.113542 0.088889
0 0.194531 0.339352 0.041146 0.052778
0 0.237240 0.350000 0.039062 0.050000
0 0.425521 0.484259 0.022917 0.059259
0 0.445833 0.510648 0.022917 0.112037
0 0.471615 0.493056 0.031771 0.100926
0 0.500521 0.495833 0.030208 0.049074
0 0.513281 0.458796 0.051562 0.075000
0 0.406510 0.450463 0.038021 0.080556
0 0.334115 0.447222 0.057813 0.020370
0 0.347656 0.422222 0.085938 0.050000
0 0.399479 0.395833 0.020833 0.091667
0 0.353906 0.372685 0.082812 0.050926
0 0.210677 0.275000 0.027604 0.029630
0 0.221354 0.289352 0.052083 0.073148
0 0.236198 0.302778 0.038021 0.051852
0 0.291406 0.312963 0.036979 0.044444
0 0.302604 0.338889 0.033333 0.053704
0 0.234375 0.230556 0.037500 0.044444
0 0.268490 0.268981 0.030729 0.043519
0 0.301563 0.203704 0.094792 0.087037
0 0.350260 0.217593 0.051562 0.038889
0 0.326562 0.242130 0.028125 0.060185
0 0.353906 0.255093 0.026562 0.032407
0 0.356771 0.284259 0.027083 0.053704
0 0.335677 0.311111 0.031771 0.050000
0 0.333594 0.342130 0.026562 0.043519
0 0.362500 0.333796 0.022917 0.037963
0 0.322396 0.277778 0.033333 0.057407
0 0.289844 0.278704 0.034896 0.046296
0 0.382292 0.277778 0.026042 0.059259
0 0.389583 0.313889 0.028125 0.022222
0 0.411979 0.328241 0.039583 0.049074
0 0.416406 0.355556 0.020313 0.038889
0 0.442188 0.379630 0.080208 0.059259
0 0.468490 0.402778 0.040104 0.075926
0 0.531771 0.392130 0.020833 0.032407
0 0.582812 0.366667 0.017708 0.109259
0 0.569271 0.357870 0.014583 0.071296
0 0.555729 0.385185 0.013542 0.031481
0 0.547656 0.346296 0.030729 0.053704
0 0.573438 0.300463 0.030208 0.047222
0 0.548958 0.291204 0.032292 0.065741
0 0.566667 0.260648 0.027083 0.041667
0 0.540365 0.242593 0.035937 0.081481
0 0.494010 0.267130 0.044271 0.065741
0 0.504427 0.309259 0.030729 0.035185
0 0.461458 0.298611 0.046875 0.063889
0 0.443229 0.331019 0.023958 0.052778
0 0.422917 0.268056 0.017708 0.050926
0 0.414583 0.255093 0.038542 0.069444
0 0.429427 0.219907 0.025521 0.032407
0 0.449219 0.238426 0.035937 0.056481
0 0.491667 0.221759 0.027083 0.047222
0 0.510938 0.245833 0.022917 0.041667
0 0.485938 0.190278 0.040625 0.052778
0 0.460156 0.188426 0.056771 0.071296
0 0.444010 0.160185 0.046354 0.070370
0 0.418750 0.197685 0.019792 0.041667
0 0.394271 0.201389 0.027083 0.041667
0 0.382552 0.160185 0.019271 0.024074
0 0.378125 0.128241 0.027083 0.049074
0 0.416146 0.137963 0.046875 0.040741
0 0.414323 0.172222 0.023438 0.048148
