0 0.284896 0.168519 0.039583 0.088889
0 0.310937 0.157870 0.031250 0.041667
0 0.322917 0.132407 0.033333 0.035185
0 0.384375 0.150926 0.039583 0.051852
0 0.332813 0.168056 0.046875 0.043519
0 0.301042 0.191204 0.032292 0.036111
0 0.375781 0.186111 0.038021 0.033333
0 0.359375 0.197685 0.042708 0.052778
0 0.416146 0.131944 0.027083 0.041667
0 0.444531 0.137963 0.030729 0.042593
0 0.465885 0.131019 0.014063 0.032407
0 0.468229 0.151389 0.025000 0.028704
0 0.458073 0.185648 0.049479 0.049074
0 0.427344 0.179630 0.020313 0.070370
0 0.482031 0.243981 0.024479 0.032407
0 0.483333 0.276389 0.028125 0.037963
0 0.457552 0.282407 0.020313 0.031481
0 0.467448 0.313889 0.052604 0.037037
0 0.467969 0.331944 0.035937 0.049074
0 0.475000 0.356481 0.040625 0.053704
0 0.478906 0.402778 0.052604 0.059259
0 0.446354 0.416667 0.040625 0.068519
0 0.467187 0.514352 0.037500 0.175000
0 0.493490 0.518981 0.021354 0.178704
0 0.428906 0.613889 0.042188 0.075926
0 0.411719 0.601389 0.026562 0.065741
0 0.384896 0.606944 0.031250 0.082407
0 0.351562 0.624074 0.037500 0.061111
0 0.273438 0.599074 0.022917 0.059259
0 0.271615 0.650926 0.017188 0.033333
0 0.269792 0.582407 0.083333 0.114815
0 0.310156 0.570833 0.016146 0.104630
0 0.337760 0.561574 0.048438 0.099074
0 0.366406 0.508333 0.028646 0.057407
0 0.426563 0.550000 0.041667 0.074074
0 0.286198 0.506481 0.022396 0.051852
0 0.265625 0.468981 0.040625 0.071296
0 0.327604 0.456944 0.029167 0.050926
0 0.401302 0.473611 0.090104 0.087963
0 0.415885 0.515278 0.071354 0.063889
0 0.386458 0.406481 0.047917 0.033333
0 0.346615 0.450000 0.031771 0.103704
0 0.276823 0.424074 0.032813 0.044444
0 0.317708 0.462037 0.063542 0.138889
0 0.303906 0.345370 0.045312 0.048148
0 0.294792 0.343056 0.054167 0.121296
0 0.323177 0.380556 0.029687 0.046296
0 0.353385 0.347222 0.033854 0.061111
0 0.395833 0.362037 0.031250 0.090741
0 0.420312 0.367130 0.037500 0.071296
0 0.439583 0.340278 0.045833 0.036111
0 0.413281 0.308333 0.021354 0.050000
0 0.335156 0.304167 0.020313 0.041667
0 0.299219 0.260185 0.026562 0.038889
0 0.323437 0.251852 0.032292 0.075926
0 0.359115 0.291667 0.031771 0.051852
0 0.384115 0.282870 0.028646 0.080556
0 0.353125 0.227315 0.025000 0.030556
0 0.442188 0.266204 0.038542 0.126852
