0 0.305208 0.600000 0.016667 0.029630
0 0.639844 0.382870 0.034896 0.150926
0 0.625000 0.285648 0.037500 0.078704
0 0.589844 0.230556 0.017188 0.037037
0 0.600000 0.419444 0.035417 0.157407
0 0.571354 0.412500 0.034375 0.062037
0 0.550781 0.387963 0.032813 0.057407
0 0.547396 0.444444 0.037500 0.068519
0 0.520052 0.448611 0.021354 0.067593
0 0.492708 0.460648 0.039583 0.073148
0 0.455729 0.545370 0.037500 0.055556
0 0.390365 0.526852 0.016146 0.059259
0 0.378385 0.525000 0.061979 0.101852
0 0.407813 0.497685 0.020833 0.089815
0 0.351302 0.468981 0.048438 0.052778
0 0.372656 0.456944 0.027604 0.030556
0 0.436979 0.415278 0.031250 0.054630
0 0.473698 0.381481 0.084896 0.092593
0 0.528125 0.409722 0.036458 0.054630
0 0.490885 0.342593 0.024479 0.038889
0 0.511198 0.360648 0.047396 0.050926
0 0.534375 0.304630 0.027083 0.055556
0 0.535417 0.248148 0.037500 0.051852
0 0.498177 0.261574 0.040104 0.071296
0 0.479948 0.313889 0.042188 0.046296
0 0.484896 0.226389 0.033333 0.037963
0 0.485677 0.193519 0.022396 0.042593
0 0.473438 0.214815 0.028125 0.042593
0 0.463542 0.159722 0.018750 0.036111
0 0.461719 0.184722 0.033854 0.045370
0 0.448177 0.215278 0.025521 0.039815
0 0.442448 0.268056 0.029687 0.110185
0 0.426823 0.324074 0.054688 0.035185
0 0.400000 0.353241 0.039583 0.067593
0 0.380990 0.414352 0.029687 0.047222
0 0.407552 0.424074 0.045312 0.075926
0 0.347656 0.433796 0.116146 0.049074
0 0.283594 0.488426 0.042188 0.075000
0 0.273177 0.445370 0.038021 0.044444
0 0.281250 0.385648 0.018750 0.073148
0 0.326562 0.406019 0.031250 0.039815
0 0.311198 0.383796 0.036979 0.043519
0 0.342708 0.345833 0.038542 0.052778
0 0.540365 0.321759 0.078646 0.054630
0 0.236198 0.374074 0.051562 0.061111
0 0.258073 0.408796 0.053646 0.134259
0 0.208333 0.277778 0.044792 0.096296
0 0.217708 0.282407 0.032292 0.062963
0 0.227604 0.307407 0.048958 0.077778
0 0.268750 0.312500 0.034375 0.076852
0 0.257292 0.263426 0.050000 0.036111
0 0.240625 0.231481 0.029167 0.033333
0 0.304688 0.217130 0.029167 0.045370
0 0.317969 0.262500 0.071354 0.099074
0 0.298958 0.346296 0.022917 0.038889
0 0.321094 0.322222 0.028646 0.053704
0 0.350781 0.303704 0.043229 0.059259
0 0.373958 0.233333 0.043750 0.103704
0 0.382292 0.188426 0.032292 0.056481
0 0.410417 0.207407 0.054167 0.072222
0 0.419010 0.165741 0.026562 0.035185
0 0.405729 0.298611 0.038542 0.067593
0 0.464323 0.433796 0.028646 0.054630
