0 0.062240 0.431944 0.041146 0.087963
0 0.046615 0.375000 0.048438 0.072222
0 0.135937 0.284722 0.038542 0.097222
0 0.172917 0.246759 0.031250 0.052778
0 0.135677 0.202315 0.048438 0.054630
0 0.149740 0.191204 0.080729 0.071296
0 0.129427 0.141204 0.028646 0.045370
0 0.163542 0.161574 0.059375 0.063889
0 0.169010 0.118056 0.015104 0.028704
0 0.187760 0.111111 0.028646 0.048148
0 0.211719 0.083333 0.025521 0.081481
0 0.214844 0.351852 0.042188 0.064815
0 0.189323 0.352315 0.021354 0.034259
0 0.180208 0.383796 0.059375 0.054630
0 0.238802 0.272685 0.053646 0.069444
0 0.267448 0.247222 0.015104 0.027778
0 0.303646 0.231944 0.048958 0.063889
0 0.296615 0.197222 0.027604 0.024074
0 0.267708 0.205093 0.013542 0.021296
0 0.254167 0.210648 0.040625 0.060185
0 0.243750 0.177315 0.029167 0.036111
0 0.249740 0.114815 0.016146 0.029630
0 0.267188 0.150463 0.036458 0.034259
0 0.283073 0.106944 0.049479 0.045370
0 0.303125 0.020370 0.026042 0.033333
0 0.297656 0.058796 0.023438 0.036111
0 0.319531 0.086574 0.026562 0.045370
0 0.344010 0.067593 0.024479 0.068519
0 0.382292 0.045370 0.035417 0.059259
0 0.417708 0.040278 0.038542 0.060185
0 0.421094 0.071759 0.025521 0.039815
0 0.483073 0.087500 0.088021 0.049074
0 0.449740 0.128241 0.017188 0.032407
0 0.475521 0.159722 0.040625 0.052778
0 0.457552 0.202315 0.026562 0.054630
0 0.479427 0.210185 0.026562 0.042593
0 0.472917 0.238426 0.014583 0.032407
0 0.496094 0.177315 0.016146 0.047222
0 0.524479 0.142593 0.044792 0.094444
0 0.525781 0.227315 0.022396 0.041667
0 0.509635 0.265741 0.075521 0.035185
0 0.444010 0.304167 0.035937 0.073148
0 0.549479 0.232407 0.057292 0.092593
0 0.578906 0.280556 0.034896 0.057407
0 0.575521 0.230556 0.036458 0.051852
0 0.604948 0.248611 0.028646 0.052778
0 0.628906 0.200000 0.043229 0.101852
0 0.659635 0.150000 0.069271 0.094444
0 0.689583 0.212037 0.028125 0.053704
0 0.651823 0.175463 0.029687 0.043519
0 0.660156 0.214815 0.031771 0.055556
0 0.587500 0.351389 0.022917 0.043519
0 0.634375 0.327778 0.055208 0.087037
0 0.553906 0.389352 0.013021 0.025000
0 0.538802 0.424074 0.021354 0.033333
0 0.651302 0.432407 0.032813 0.081481
0 0.682552 0.448611 0.031771 0.060185
0 0.506510 0.514815 0.032813 0.066667
0 0.537500 0.525926 0.031250 0.044444
0 0.456771 0.447222 0.041667 0.038889
0 0.450781 0.400463 0.036979 0.054630
0 0.384896 0.369907 0.056250 0.060185
0 0.412760 0.410648 0.024479 0.039815
0 0.370052 0.404630 0.015104 0.020370
0 0.362240 0.394907 0.014063 0.030556
0 0.345833 0.385648 0.029167 0.026852
0 0.316146 0.368981 0.021875 0.045370
0 0.238542 0.477315 0.015625 0.037963
0 0.166406 0.675000 0.039062 0.116667
0 0.185677 0.579167 0.047396 0.132407
0 0.201042 0.665741 0.061458 0.094444
0 0.203385 0.745833 0.032813 0.084259
0 0.220833 0.773148 0.023958 0.068519
0 0.216667 0.828704 0.073958 0.053704
0 0.249740 0.539815 0.042188 0.061111
0 0.271354 0.509722 0.021875 0.041667
0 0.266146 0.487500 0.046875 0.058333
0 0.241927 0.596759 0.069271 0.062037
0 0.289062 0.584259 0.028125 0.057407
0 0.302344 0.567130 0.022396 0.106481
0 0.311458 0.528704 0.025000 0.077778
0 0.346615 0.532870 0.028646 0.060185
0 0.330208 0.601852 0.032292 0.061111
0 0.368750 0.580556 0.033333 0.055556
0 0.379167 0.616204 0.037500 0.062037
0 0.399219 0.585648 0.018229 0.065741
0 0.413542 0.602315 0.018750 0.047222
0 0.423177 0.572222 0.021354 0.048148
0 0.269792 0.625926 0.068750 0.044444
0 0.262240 0.657407 0.071354 0.048148
0 0.260937 0.725926 0.065625 0.116667
0 0.287760 0.699074 0.029687 0.062963
0 0.322656 0.680093 0.045312 0.080556
0 0.328646 0.786111 0.079167 0.164815
0 0.349740 0.691204 0.042188 0.100926
0 0.349219 0.740741 0.022396 0.048148
0 0.363021 0.771759 0.037500 0.071296
0 0.388281 0.757407 0.038021 0.081481
0 0.420573 0.825463 0.104688 0.054630
0 0.435156 0.721759 0.057813 0.137963
0 0.460938 0.649074 0.037500 0.072222
0 0.459375 0.771296 0.036458 0.066667
0 0.478646 0.766204 0.053125 0.102778
0 0.519271 0.696759 0.051042 0.104630
0 0.537240 0.750463 0.049479 0.062037
0 0.554688 0.756944 0.034375 0.041667
0 0.532031 0.811574 0.039062 0.082407
0 0.561719 0.672222 0.039062 0.074074
0 0.571615 0.623611 0.027604 0.050926
0 0.630208 0.657870 0.053125 0.043519
0 0.628646 0.691204 0.068750 0.047222
0 0.590365 0.856944 0.020313 0.034259
0 0.645833 0.787500 0.031250 0.063889
0 0.671354 0.772222 0.041667 0.066667
0 0.754167 0.755093 0.047917 0.076852
0 0.794792 0.825463 0.057292 0.076852
0 0.606510 0.761111 0.128646 0.170370
