0 0.169271 0.341667 0.029167 0.037037
0 0.191406 0.442593 0.016146 0.025926
0 0.222396 0.517130 0.030208 0.052778
0 0.241146 0.523148 0.021875 0.033333
0 0.241146 0.472222 0.032292 0.044444
0 0.308854 0.586111 0.047917 0.051852
0 0.342969 0.571296 0.017188 0.024074
0 0.191406 0.258796 0.048438 0.063889
0 0.228646 0.261111 0.038542 0.064815
0 0.242188 0.298148 0.030208 0.046296
0 0.249219 0.262500 0.024479 0.036111
0 0.241146 0.218056 0.021875 0.030556
0 0.271354 0.302778 0.027083 0.053704
0 0.287240 0.318981 0.020313 0.054630
0 0.238802 0.371296 0.032813 0.040741
0 0.265885 0.362963 0.023438 0.050000
0 0.269010 0.441204 0.031771 0.071296
0 0.246615 0.428241 0.029687 0.049074
0 0.292969 0.516667 0.078646 0.098148
0 0.325260 0.543056 0.031771 0.045370
0 0.347135 0.510648 0.031771 0.097222
0 0.379948 0.553241 0.047396 0.056481
0 0.552344 0.491667 0.016146 0.025926
0 0.547396 0.470370 0.022917 0.031481
0 0.403125 0.526389 0.042708 0.069444
0 0.380729 0.489815 0.053125 0.074074
0 0.372917 0.453241 0.051042 0.054630
0 0.283333 0.429167 0.042708 0.082407
0 0.319271 0.393981 0.030208 0.052778
0 0.337760 0.375926 0.026562 0.059259
0 0.334115 0.440278 0.071354 0.097222
0 0.367969 0.398611 0.031771 0.069444
0 0.307031 0.311574 0.025521 0.036111
0 0.322656 0.321296 0.026562 0.085185
0 0.349479 0.334259 0.034375 0.038889
0 0.274219 0.211111 0.050521 0.085185
0 0.304167 0.219907 0.046875 0.130556
0 0.337240 0.209722 0.030729 0.050926
0 0.356771 0.155093 0.041667 0.050926
0 0.354427 0.200463 0.032813 0.052778
0 0.371875 0.239352 0.044792 0.075000
0 0.361719 0.291667 0.068229 0.101852
0 0.376302 0.362500 0.029687 0.058333
0 0.399740 0.363426 0.032813 0.052778
0 0.401302 0.445833 0.032813 0.082407
0 0.415625 0.447222 0.018750 0.038889
0 0.438021 0.492593 0.046875 0.077778
0 0.430208 0.459259 0.042708 0.088889
0 0.414583 0.406019 0.036458 0.062037
0 0.486719 0.458796 0.027604 0.130556
0 0.514323 0.376389 0.021354 0.032407
0 0.536719 0.376852 0.033854 0.068519
0 0.568490 0.369444 0.038021 0.050000
0 0.569010 0.402315 0.074479 0.076852
0 0.585417 0.330093 0.017708 0.037963
0 0.570573 0.338426 0.015104 0.023148
0 0.567969 0.306944 0.025521 0.052778
0 0.608073 0.276389 0.031771 0.056481
0 0.432031 0.309722 0.041146 0.025000
0 0.449479 0.338426 0.046875 0.062037
0 0.451823 0.387963 0.058854 0.072222
0 0.485938 0.369444 0.017708 0.022222
0 0.490365 0.387037 0.081771 0.112963
0 0.412760 0.299537 0.055729 0.047222
0 0.399479 0.272222 0.030208 0.044444
0 0.383594 0.185648 0.044271 0.063889
0 0.396875 0.171296 0.028125 0.044444
0 0.415365 0.161111 0.025521 0.044444
0 0.449740 0.198148 0.013021 0.035185
0 0.432552 0.233796 0.076563 0.065741
0 0.459115 0.290278 0.031771 0.058333
0 0.482292 0.285185 0.027083 0.055556
0 0.464062 0.190741 0.025000 0.070370
0 0.477865 0.169444 0.016146 0.031481
0 0.486458 0.165278 0.039583 0.039815
0 0.500521 0.201852 0.048958 0.050000
0 0.509115 0.241204 0.025521 0.036111
0 0.517448 0.271759 0.028646 0.043519
0 0.547917 0.200000 0.038542 0.057407
0 0.541146 0.227778 0.032292 0.035185
0 0.541927 0.283796 0.019271 0.023148
0 0.570573 0.263889 0.050521 0.077778
