0 0.028125 0.502778 0.042708 0.083333
0 0.067969 0.719444 0.048438 0.066667
0 0.115365 0.572685 0.026562 0.045370
0 0.145052 0.621759 0.108854 0.062037
0 0.079687 0.492130 0.044792 0.115741
0 0.113021 0.486111 0.035417 0.031481
0 0.093229 0.443981 0.033333 0.060185
0 0.107292 0.418981 0.030208 0.082407
0 0.130990 0.408796 0.036979 0.063889
0 0.158594 0.379630 0.027604 0.042593
0 0.150521 0.352315 0.050000 0.063889
0 0.110937 0.341667 0.061458 0.070370
0 0.180990 0.339352 0.019271 0.043519
0 0.147656 0.256019 0.035937 0.043519
0 0.197396 0.245370 0.057292 0.038889
0 0.177344 0.282870 0.059896 0.050926
0 0.166667 0.319444 0.033333 0.024074
0 0.206510 0.358796 0.040104 0.047222
0 0.248698 0.331944 0.025521 0.050926
0 0.237760 0.347685 0.040104 0.086111
0 0.247396 0.400463 0.018750 0.028704
0 0.260937 0.293981 0.016667 0.036111
0 0.273438 0.328241 0.029167 0.089815
0 0.264844 0.245370 0.031771 0.042593
0 0.277344 0.220370 0.031771 0.038889
0 0.184896 0.415278 0.063542 0.104630
0 0.156771 0.479167 0.050000 0.073148
0 0.194271 0.456019 0.029167 0.080556
0 0.173698 0.518519 0.046354 0.085185
0 0.213802 0.487500 0.044271 0.047222
0 0.232552 0.519444 0.075521 0.094444
0 0.226823 0.562500 0.069271 0.071296
0 0.291406 0.585185 0.051562 0.083333
0 0.277604 0.631481 0.021875 0.046296
0 0.289062 0.656944 0.050000 0.080556
0 0.323177 0.656944 0.041146 0.071296
0 0.306771 0.701389 0.030208 0.075000
0 0.283594 0.719444 0.038021 0.079630
0 0.295573 0.753241 0.019271 0.036111
0 0.252865 0.759259 0.048438 0.087037
0 0.265104 0.807870 0.057292 0.091667
0 0.229948 0.809722 0.034896 0.126852
0 0.193750 0.848148 0.052083 0.090741
0 0.225781 0.685185 0.091146 0.118519
0 0.291406 0.810185 0.105729 0.242593
0 0.278385 0.443056 0.059896 0.087963
0 0.264844 0.464815 0.111979 0.124074
0 0.304427 0.387037 0.024479 0.057407
0 0.337240 0.436574 0.046354 0.058333
0 0.333073 0.497222 0.039062 0.064815
0 0.369792 0.504167 0.059375 0.097222
0 0.399740 0.452778 0.033854 0.061111
0 0.387240 0.418981 0.028646 0.052778
0 0.404948 0.397222 0.029687 0.059259
0 0.381510 0.384722 0.015104 0.026852
0 0.393229 0.368981 0.016667 0.037963
0 0.344271 0.393981 0.083333 0.095370
0 0.358333 0.370833 0.038542 0.160185
0 0.304427 0.303241 0.023438 0.028704
0 0.307812 0.282870 0.059375 0.058333
0 0.320052 0.237037 0.042188 0.066667
0 0.325521 0.175000 0.023958 0.066667
0 0.346875 0.196296 0.033333 0.055556
0 0.371354 0.174074 0.027083 0.068519
0 0.350781 0.150463 0.043229 0.047222
0 0.408073 0.225000 0.039062 0.064815
0 0.419792 0.175463 0.039583 0.050926
0 0.437240 0.425000 0.042188 0.055556
0 0.427083 0.328704 0.089583 0.122222
0 0.428646 0.280556 0.035417 0.044444
0 0.444531 0.234722 0.033854 0.050926
0 0.464583 0.265278 0.041667 0.060185
0 0.482031 0.286111 0.033854 0.053704
0 0.482292 0.216204 0.025000 0.067593
0 0.490104 0.160185 0.050000 0.033333
0 0.530208 0.198148 0.032292 0.042593
0 0.529167 0.170370 0.061458 0.072222
0 0.515365 0.249537 0.050521 0.080556
0 0.534635 0.293519 0.032813 0.057407
0 0.504167 0.317130 0.021875 0.034259
0 0.514844 0.347685 0.052604 0.086111
0 0.558073 0.362500 0.023438 0.037963
0 0.581510 0.293519 0.065104 0.064815
0 0.590885 0.258796 0.021354 0.028704
0 0.593750 0.200463 0.014583 0.026852
0 0.562500 0.242593 0.048958 0.055556
0 0.507552 0.218056 0.029687 0.041667
0 0.634375 0.277315 0.023958 0.039815
0 0.673698 0.270833 0.055729 0.054630
0 0.676042 0.228241 0.031250 0.058333
0 0.620052 0.143519 0.050521 0.062963
0 0.716146 0.145370 0.081250 0.090741
0 0.593490 0.393056 0.066146 0.080556
0 0.726042 0.368519 0.020833 0.035185
0 0.740104 0.395370 0.034375 0.062963
0 0.762240 0.445833 0.043229 0.054630
0 0.698177 0.401852 0.040104 0.051852
0 0.674479 0.455093 0.061458 0.089815
0 0.621615 0.448148 0.045312 0.072222
0 0.550260 0.492130 0.067187 0.065741
0 0.496354 0.453241 0.043750 0.069444
0 0.733073 0.555093 0.036979 0.060185
0 0.688281 0.558796 0.047396 0.063889
0 0.673177 0.640278 0.109896 0.050926
0 0.617969 0.600463 0.050521 0.078704
0 0.637760 0.496759 0.033854 0.058333
0 0.615104 0.547685 0.072917 0.110185
0 0.588542 0.519907 0.070833 0.119444
0 0.544271 0.599074 0.040625 0.120370
0 0.568490 0.627315 0.028646 0.065741
0 0.434375 0.389815 0.036458 0.050000
0 0.458073 0.518056 0.101562 0.062037
0 0.416927 0.644907 0.114062 0.212037
0 0.396615 0.625000 0.018229 0.031481
0 0.468490 0.637037 0.063021 0.100000
0 0.497917 0.671296 0.069792 0.177778
0 0.421615 0.773148 0.097396 0.209259
0 0.570312 0.836574 0.043750 0.052778
0 0.538021 0.882407 0.044792 0.062963
