0 0.336719 0.136574 0.026562 0.036111
0 0.378125 0.131019 0.047917 0.043519
0 0.375000 0.158796 0.028125 0.054630
0 0.431771 0.143519 0.072917 0.061111
0 0.424740 0.168519 0.024479 0.031481
0 0.387500 0.207870 0.032292 0.041667
0 0.351562 0.215278 0.015625 0.045370
0 0.330469 0.196759 0.027604 0.076852
0 0.308073 0.162500 0.026562 0.028704
0 0.305729 0.205556 0.023958 0.055556
0 0.264062 0.237037 0.017708 0.033333
0 0.265104 0.217593 0.033333 0.066667
0 0.283854 0.241204 0.019792 0.032407
0 0.344010 0.264352 0.019271 0.043519
0 0.347135 0.292130 0.021354 0.041667
0 0.359375 0.256019 0.014583 0.054630
0 0.376823 0.241204 0.028646 0.028704
0 0.350781 0.173611 0.025521 0.045370
0 0.284375 0.184259 0.021875 0.024074
0 0.433333 0.242130 0.052083 0.076852
0 0.420833 0.211574 0.069792 0.087963
0 0.377604 0.276852 0.041667 0.066667
0 0.480729 0.217593 0.035417 0.051852
0 0.490885 0.243056 0.020313 0.028704
0 0.496875 0.222222 0.013542 0.025926
0 0.504167 0.191204 0.027083 0.052778
0 0.507031 0.163889 0.017188 0.035185
0 0.528385 0.208796 0.028646 0.058333
0 0.510938 0.242593 0.033333 0.048148
0 0.323177 0.268519 0.028646 0.112963
0 0.487500 0.287037 0.018750 0.051852
0 0.455469 0.285648 0.050521 0.056481
0 0.519010 0.294444 0.018229 0.064815
0 0.507812 0.329167 0.031250 0.110185
0 0.564583 0.287037 0.051042 0.088889
0 0.580990 0.288889 0.021354 0.042593
0 0.547656 0.286574 0.034896 0.047222
0 0.570052 0.327315 0.090104 0.091667
0 0.541406 0.338426 0.032813 0.069444
0 0.576042 0.451389 0.013542 0.025000
0 0.538021 0.400000 0.044792 0.090741
0 0.526563 0.445370 0.031250 0.050000
0 0.558594 0.434259 0.046354 0.120370
0 0.536198 0.508796 0.036979 0.056481
0 0.500781 0.490278 0.033854 0.056481
0 0.475521 0.411111 0.055208 0.050000
0 0.503385 0.395370 0.034896 0.051852
0 0.477083 0.367130 0.031250 0.047222
0 0.465365 0.333796 0.033854 0.050926
0 0.442188 0.349074 0.018750 0.031481
0 0.424219 0.362037 0.028646 0.033333
0 0.432812 0.308796 0.015625 0.065741
0 0.445312 0.294907 0.028125 0.039815
0 0.455469 0.314352 0.040104 0.045370
0 0.490365 0.456481 0.050521 0.072222
0 0.419271 0.481944 0.038542 0.091667
0 0.432292 0.535648 0.036458 0.097222
0 0.465885 0.540741 0.038021 0.098148
0 0.503385 0.528704 0.059896 0.042593
0 0.511458 0.552315 0.061458 0.037963
0 0.501563 0.593981 0.017708 0.045370
0 0.439583 0.603241 0.046875 0.069444
0 0.464062 0.597222 0.050000 0.083333
0 0.403906 0.549074 0.036979 0.051852
0 0.387500 0.522685 0.026042 0.060185
0 0.402344 0.467130 0.034896 0.060185
0 0.408854 0.408333 0.032292 0.059259
0 0.444792 0.436574 0.059375 0.121296
0 0.385417 0.585648 0.046875 0.037963
0 0.405729 0.625926 0.048958 0.057407
0 0.388542 0.664815 0.015625 0.025926
0 0.348698 0.562500 0.018229 0.034259
0 0.366667 0.549074 0.017708 0.046296
0 0.348958 0.522685 0.034375 0.049074
0 0.350781 0.646759 0.076563 0.119444
0 0.310156 0.645370 0.026562 0.057407
0 0.308854 0.586111 0.033333 0.064815
0 0.285156 0.593056 0.017188 0.028704
0 0.266146 0.613426 0.035417 0.045370
0 0.270833 0.542593 0.034375 0.048148
0 0.303646 0.511111 0.036458 0.053704
0 0.304948 0.547685 0.081771 0.100926
0 0.265885 0.503704 0.036979 0.046296
0 0.205990 0.503241 0.029687 0.041667
0 0.223698 0.487500 0.057813 0.086111
0 0.229687 0.448148 0.046875 0.062963
0 0.278125 0.474074 0.053125 0.062963
0 0.305990 0.454630 0.053646 0.079630
0 0.280469 0.426389 0.030729 0.054630
0 0.365365 0.455093 0.078646 0.104630
0 0.210156 0.356944 0.022396 0.052778
0 0.233073 0.353704 0.041146 0.092593
0 0.260937 0.388889 0.050000 0.081481
0 0.240365 0.284722 0.035937 0.050926
0 0.285938 0.281481 0.047917 0.075926
0 0.279948 0.334722 0.054688 0.063889
0 0.300000 0.380556 0.038542 0.077778
0 0.360938 0.338426 0.084375 0.147222
0 0.384115 0.366667 0.021354 0.051852
0 0.398958 0.353241 0.014583 0.030556
0 0.415104 0.331481 0.034375 0.053704
0 0.395833 0.317593 0.025000 0.046296
