0 0.717708 0.253241 0.013542 0.025000
0 0.664323 0.235185 0.019271 0.037037
0 0.640885 0.230093 0.033854 0.054630
0 0.607552 0.233796 0.015104 0.034259
0 0.607552 0.255093 0.014063 0.021296
0 0.665625 0.198148 0.030208 0.051852
0 0.634896 0.176852 0.037500 0.064815
0 0.428646 0.609259 0.062500 0.055556
0 0.553906 0.435185 0.030729 0.072222
0 0.540104 0.379167 0.027083 0.056481
0 0.520573 0.377315 0.022396 0.036111
0 0.563802 0.356019 0.036979 0.089815
0 0.583333 0.331481 0.052083 0.098148
0 0.540885 0.255556 0.031771 0.044444
0 0.567187 0.187963 0.027083 0.053704
0 0.547396 0.199537 0.044792 0.076852
0 0.529167 0.232407 0.027083 0.040741
0 0.517188 0.275000 0.032292 0.040741
0 0.510417 0.301852 0.018750 0.029630
0 0.519271 0.421759 0.038542 0.063889
0 0.502604 0.475926 0.084375 0.072222
0 0.346875 0.574074 0.015625 0.025926
0 0.282031 0.566204 0.016146 0.043519
0 0.409375 0.497222 0.023958 0.037037
0 0.414583 0.523611 0.059375 0.056481
0 0.445052 0.512963 0.031771 0.059259
0 0.485156 0.353704 0.014063 0.029630
0 0.475521 0.376852 0.035417 0.055556
0 0.451302 0.430556 0.052604 0.098148
0 0.409375 0.450926 0.030208 0.061111
0 0.479948 0.428241 0.071354 0.132407
0 0.386719 0.482407 0.022396 0.083333
0 0.408333 0.420833 0.056250 0.039815
0 0.403125 0.389352 0.031250 0.032407
0 0.412240 0.366204 0.039062 0.036111
0 0.419531 0.346296 0.041146 0.031481
0 0.388802 0.369907 0.018229 0.058333
0 0.454948 0.363426 0.036979 0.080556
0 0.475000 0.325926 0.080208 0.066667
0 0.485938 0.278241 0.022917 0.049074
0 0.483333 0.229167 0.015625 0.034259
0 0.468229 0.226389 0.014583 0.028704
0 0.465625 0.275463 0.020833 0.049074
0 0.505729 0.219444 0.030208 0.068519
0 0.486979 0.174074 0.026042 0.038889
0 0.496615 0.139352 0.024479 0.030556
0 0.508594 0.170833 0.034896 0.052778
0 0.347135 0.540278 0.048438 0.056481
0 0.362240 0.497222 0.042188 0.066667
0 0.239323 0.555556 0.035937 0.074074
0 0.276823 0.525463 0.027604 0.050926
0 0.306510 0.514815 0.055729 0.094444
0 0.244531 0.447685 0.024479 0.043519
0 0.258594 0.503241 0.082812 0.115741
0 0.209375 0.436111 0.019792 0.029630
0 0.194010 0.405556 0.020313 0.046296
0 0.201823 0.375000 0.022396 0.024074
0 0.218490 0.404630 0.036979 0.066667
0 0.255990 0.400926 0.047396 0.037037
0 0.267708 0.426389 0.025000 0.050926
0 0.294271 0.423611 0.029167 0.123148
0 0.350000 0.457407 0.053125 0.081481
0 0.332292 0.427315 0.050000 0.075000
0 0.366927 0.402315 0.035937 0.060185
0 0.442188 0.257870 0.028125 0.112037
0 0.448437 0.137037 0.038542 0.044444
0 0.389323 0.126852 0.048438 0.048148
0 0.388021 0.143981 0.029167 0.041667
0 0.415365 0.148611 0.032813 0.054630
0 0.421875 0.168056 0.037500 0.049074
0 0.452865 0.178241 0.050521 0.067593
0 0.419531 0.246759 0.019271 0.052778
0 0.405990 0.242130 0.018229 0.047222
0 0.409635 0.297222 0.039062 0.059259
0 0.384635 0.201852 0.036979 0.046296
0 0.386719 0.231944 0.024479 0.032407
0 0.384375 0.256481 0.029167 0.046296
0 0.358854 0.258796 0.028125 0.049074
0 0.371354 0.302778 0.043750 0.079630
0 0.372396 0.352315 0.069792 0.087963
0 0.333594 0.340741 0.033854 0.046296
0 0.294271 0.354167 0.022917 0.025000
0 0.248958 0.368519 0.036458 0.044444
0 0.211979 0.346296 0.033333 0.038889
0 0.195052 0.337037 0.013021 0.024074
0 0.196875 0.312500 0.032292 0.034259
0 0.191146 0.284259 0.047917 0.037037
0 0.213281 0.290741 0.030729 0.074074
0 0.230729 0.260185 0.028125 0.038889
0 0.219271 0.242593 0.028125 0.029630
0 0.268750 0.280556 0.058333 0.055556
0 0.286719 0.334259 0.038021 0.044444
0 0.301302 0.292593 0.023438 0.033333
0 0.284375 0.225463 0.028125 0.039815
0 0.258073 0.223611 0.026562 0.036111
0 0.294792 0.187500 0.082292 0.063889
0 0.338802 0.162963 0.055729 0.055556
0 0.334115 0.250463 0.040104 0.091667
