0 0.235417 0.116204 0.023958 0.036111
0 0.159115 0.190741 0.030729 0.057407
0 0.199479 0.223148 0.066667 0.085185
0 0.232813 0.182870 0.026042 0.054630
0 0.256771 0.194907 0.025000 0.087963
0 0.280990 0.156019 0.015104 0.028704
0 0.278906 0.184259 0.026562 0.035185
0 0.279687 0.212963 0.027083 0.042593
0 0.275000 0.236574 0.025000 0.037963
0 0.303125 0.181481 0.028125 0.075926
0 0.328385 0.171759 0.023438 0.037963
0 0.334115 0.204167 0.029687 0.036111
0 0.314583 0.217130 0.023958 0.026852
0 0.324740 0.246296 0.048438 0.062963
0 0.302083 0.267593 0.039583 0.070370
0 0.263281 0.274074 0.048438 0.057407
0 0.352344 0.177315 0.031771 0.054630
0 0.373698 0.150926 0.035937 0.075926
0 0.396875 0.136574 0.028125 0.052778
0 0.409635 0.173148 0.025521 0.038889
0 0.390104 0.193981 0.030208 0.036111
0 0.427865 0.178704 0.017188 0.046296
0 0.416406 0.144907 0.013021 0.026852
0 0.438021 0.109722 0.040625 0.052778
0 0.476823 0.103704 0.033854 0.027778
0 0.453385 0.165741 0.020313 0.038889
0 0.477344 0.162963 0.034896 0.055556
0 0.511979 0.164815 0.035417 0.100000
0 0.465104 0.133796 0.087500 0.065741
0 0.458594 0.197685 0.025521 0.037963
0 0.456771 0.222685 0.023958 0.039815
0 0.469531 0.243981 0.014063 0.032407
0 0.476823 0.216204 0.016146 0.039815
0 0.490104 0.190741 0.023958 0.046296
0 0.315885 0.310648 0.053646 0.039815
0 0.347396 0.318056 0.016667 0.025000
0 0.330469 0.351389 0.038021 0.063889
0 0.339323 0.369444 0.024479 0.042593
0 0.302083 0.342130 0.020833 0.026852
0 0.303385 0.372685 0.034896 0.058333
0 0.318490 0.406019 0.053646 0.036111
0 0.242448 0.324537 0.030729 0.049074
0 0.268490 0.332407 0.021354 0.025926
0 0.194792 0.337037 0.043750 0.050000
0 0.189062 0.390278 0.032292 0.078704
0 0.215365 0.372685 0.021354 0.110185
0 0.216927 0.305093 0.047396 0.028704
0 0.236719 0.298148 0.094271 0.062963
0 0.263802 0.376389 0.039062 0.050926
0 0.254948 0.356944 0.055729 0.030556
0 0.219792 0.437963 0.050000 0.125926
0 0.227604 0.485648 0.025000 0.028704
0 0.261979 0.416204 0.061458 0.052778
0 0.264844 0.438889 0.058854 0.062963
0 0.269531 0.469444 0.059896 0.072222
0 0.282813 0.483333 0.033333 0.040741
0 0.320052 0.470833 0.044271 0.032407
0 0.301302 0.562963 0.023438 0.046296
0 0.140625 0.529167 0.043750 0.093519
0 0.178385 0.532870 0.049479 0.080556
0 0.199219 0.547685 0.033854 0.069444
0 0.234635 0.553704 0.073438 0.068519
0 0.214323 0.613889 0.027604 0.059259
0 0.241667 0.622222 0.055208 0.092593
0 0.290104 0.522685 0.088542 0.060185
0 0.335417 0.603241 0.020833 0.049074
0 0.340104 0.526389 0.055208 0.110185
0 0.370833 0.562500 0.052083 0.037963
0 0.379427 0.525926 0.031771 0.042593
0 0.403646 0.520370 0.021875 0.022222
0 0.356771 0.472222 0.030208 0.035185
0 0.358073 0.439352 0.028646 0.030556
0 0.341146 0.422222 0.032292 0.064815
0 0.311198 0.439352 0.031771 0.050926
0 0.380208 0.362963 0.032292 0.037037
0 0.386719 0.395833 0.054688 0.069444
0 0.384375 0.435648 0.025000 0.039815
0 0.406771 0.449074 0.030208 0.038889
0 0.411458 0.402778 0.034375 0.046296
0 0.424479 0.411574 0.034375 0.050926
0 0.392188 0.479630 0.051042 0.059259
0 0.422917 0.500000 0.018750 0.064815
0 0.432292 0.550926 0.089583 0.059259
0 0.446354 0.519444 0.034375 0.042593
0 0.446615 0.489815 0.030729 0.044444
0 0.485417 0.517593 0.046875 0.059259
0 0.420573 0.349074 0.027604 0.059259
0 0.440625 0.368981 0.029167 0.049074
0 0.502604 0.407407 0.020833 0.042593
0 0.532813 0.467130 0.014583 0.025000
0 0.532031 0.421759 0.035937 0.054630
0 0.513802 0.380556 0.030729 0.044444
0 0.536198 0.366204 0.035937 0.067593
0 0.565885 0.362963 0.025521 0.064815
0 0.521875 0.313889 0.027083 0.061111
0 0.506771 0.326852 0.032292 0.070370
0 0.490885 0.423148 0.060937 0.101852
0 0.466146 0.391204 0.092708 0.136111
0 0.465625 0.327778 0.028125 0.037037
0 0.462500 0.350000 0.026042 0.050000
0 0.433333 0.317130 0.040625 0.034259
0 0.461979 0.298611 0.013542 0.032407
0 0.406771 0.290741 0.056250 0.048148
0 0.435156 0.266204 0.075521 0.043519
0 0.489323 0.262037 0.043229 0.094444
0 0.511458 0.242593 0.022917 0.062963
0 0.521615 0.266204 0.011979 0.025000
0 0.539062 0.309259 0.017708 0.050000
0 0.543750 0.256019 0.028125 0.054630
0 0.571094 0.303704 0.044271 0.074074
0 0.606250 0.301389 0.031250 0.060185
0 0.621875 0.280556 0.052083 0.064815
0 0.599479 0.229167 0.030208 0.052778
0 0.579948 0.206481 0.026562 0.048148
0 0.561719 0.229630 0.032813 0.055556
0 0.543750 0.204167 0.047917 0.093519
0 0.586458 0.188889 0.082292 0.085185
