0 0.133333 0.675926 0.054167 0.092593
0 0.139844 0.606481 0.068229 0.075926
0 0.172656 0.673148 0.059896 0.079630
0 0.135417 0.577778 0.056250 0.061111
0 0.124479 0.538889 0.050000 0.055556
0 0.134635 0.495370 0.020313 0.046296
0 0.190104 0.597222 0.012500 0.075926
0 0.174740 0.604630 0.023438 0.087037
0 0.176563 0.490278 0.064583 0.106481
0 0.163021 0.443981 0.026042 0.037963
0 0.206250 0.346296 0.046875 0.037037
0 0.211719 0.581019 0.038021 0.112037
0 0.235417 0.661574 0.066667 0.067593
0 0.222656 0.701389 0.022396 0.049074
0 0.248958 0.705556 0.047917 0.087037
0 0.288542 0.688889 0.035417 0.066667
0 0.293229 0.742130 0.033333 0.080556
0 0.322917 0.678241 0.041667 0.060185
0 0.333333 0.725000 0.047917 0.083333
0 0.369010 0.732870 0.048438 0.080556
0 0.247135 0.595833 0.047396 0.089815
0 0.283854 0.599537 0.067708 0.104630
0 0.341927 0.640741 0.060937 0.064815
0 0.370833 0.671296 0.044792 0.064815
0 0.401042 0.656944 0.067708 0.115741
0 0.450521 0.662500 0.034375 0.065741
0 0.437240 0.610185 0.053646 0.074074
0 0.434635 0.571296 0.039062 0.046296
0 0.470833 0.566667 0.019792 0.046296
0 0.512240 0.565278 0.022396 0.049074
0 0.477344 0.527778 0.024479 0.046296
0 0.495833 0.510648 0.032292 0.063889
0 0.210938 0.462963 0.044792 0.059259
0 0.207292 0.412963 0.044792 0.033333
0 0.215625 0.386111 0.045833 0.040741
0 0.205990 0.379630 0.044271 0.027778
0 0.231771 0.399537 0.016667 0.028704
0 0.241667 0.360648 0.019792 0.028704
0 0.251302 0.342130 0.043229 0.028704
0 0.260677 0.270833 0.031771 0.062037
0 0.259375 0.366204 0.016667 0.036111
0 0.278385 0.375000 0.020313 0.048148
0 0.256250 0.545370 0.053125 0.029630
0 0.295833 0.528704 0.047917 0.075926
0 0.318229 0.564815 0.042708 0.079630
0 0.290885 0.456481 0.059896 0.083333
0 0.262500 0.456481 0.092708 0.125926
0 0.247396 0.421759 0.062500 0.054630
0 0.252083 0.388889 0.030208 0.037037
0 0.358073 0.598148 0.116146 0.122222
0 0.376563 0.543056 0.039583 0.054630
0 0.339062 0.549074 0.037500 0.051852
0 0.316406 0.451852 0.040104 0.122222
0 0.350781 0.492130 0.032813 0.063889
0 0.380208 0.502315 0.033333 0.045370
0 0.419792 0.506481 0.063542 0.075926
0 0.453125 0.467130 0.028125 0.052778
0 0.435677 0.447222 0.029687 0.051852
0 0.404167 0.457870 0.029167 0.049074
0 0.361198 0.442593 0.047396 0.079630
0 0.405208 0.424074 0.029167 0.037037
0 0.433073 0.401389 0.023438 0.052778
0 0.398177 0.389815 0.058854 0.070370
0 0.505729 0.438426 0.020833 0.039815
0 0.497135 0.412037 0.027604 0.042593
0 0.522135 0.423611 0.024479 0.054630
0 0.544792 0.447685 0.027083 0.058333
0 0.536979 0.398148 0.022917 0.057407
0 0.502865 0.361111 0.027604 0.044444
0 0.489063 0.391667 0.021875 0.046296
0 0.475000 0.378241 0.022917 0.041667
0 0.467448 0.417130 0.026562 0.050926
0 0.471354 0.356019 0.041667 0.056481
0 0.449219 0.378241 0.018229 0.036111
0 0.435937 0.381481 0.046875 0.111111
0 0.297917 0.340741 0.031250 0.055556
0 0.305469 0.367130 0.029687 0.034259
0 0.330208 0.329630 0.039583 0.042593
0 0.334375 0.301852 0.030208 0.037037
0 0.331250 0.270370 0.021875 0.038889
0 0.361198 0.353241 0.083854 0.076852
0 0.373958 0.213889 0.026042 0.031481
0 0.380469 0.270833 0.067187 0.086111
0 0.430990 0.305093 0.080729 0.082407
0 0.427604 0.272222 0.017708 0.020370
