0 0.048177 0.734722 0.040104 0.056481
0 0.097656 0.652778 0.031771 0.042593
0 0.034375 0.626389 0.038542 0.071296
0 0.116927 0.618981 0.107813 0.080556
0 0.039323 0.537500 0.035937 0.058333
0 0.032552 0.485185 0.039062 0.048148
0 0.058333 0.496296 0.048958 0.048148
0 0.086458 0.506019 0.020833 0.036111
0 0.071875 0.445370 0.037500 0.053704
0 0.083854 0.411574 0.053125 0.045370
0 0.155208 0.536111 0.064583 0.096296
0 0.133854 0.484259 0.072917 0.062963
0 0.182552 0.497685 0.033854 0.039815
0 0.192188 0.466204 0.047917 0.050926
0 0.144010 0.396296 0.066146 0.109259
0 0.184375 0.395833 0.060417 0.093519
0 0.192708 0.429167 0.043750 0.054630
0 0.230469 0.651852 0.021354 0.038889
0 0.241146 0.601389 0.041667 0.067593
0 0.223177 0.565741 0.054688 0.081481
0 0.274479 0.620833 0.028125 0.097222
0 0.311979 0.623611 0.027083 0.045370
0 0.347135 0.610185 0.045312 0.068519
0 0.239844 0.451852 0.056771 0.101852
0 0.266146 0.491204 0.018750 0.034259
0 0.279948 0.488889 0.025521 0.048148
0 0.289583 0.531481 0.066667 0.051852
0 0.319792 0.485185 0.059375 0.098148
0 0.276562 0.431944 0.036458 0.060185
0 0.246354 0.399537 0.035417 0.041667
0 0.189583 0.318519 0.021875 0.044444
0 0.208854 0.300000 0.030208 0.035185
0 0.220833 0.368981 0.055208 0.104630
0 0.293229 0.741204 0.094792 0.165741
0 0.344010 0.700463 0.032813 0.076852
0 0.342187 0.762037 0.056250 0.072222
0 0.385417 0.731019 0.046875 0.091667
0 0.424479 0.712963 0.048958 0.098148
0 0.398177 0.674537 0.057813 0.056481
0 0.447396 0.674074 0.086458 0.142593
0 0.467969 0.625000 0.047396 0.090741
0 0.450260 0.549074 0.024479 0.033333
0 0.425521 0.564815 0.036458 0.116667
0 0.474219 0.548611 0.029687 0.082407
0 0.519792 0.585185 0.067708 0.031481
0 0.537500 0.638426 0.055208 0.087963
0 0.579688 0.615278 0.025000 0.043519
0 0.596094 0.580556 0.051562 0.092593
0 0.504948 0.539352 0.021354 0.047222
0 0.539323 0.523611 0.056771 0.100926
0 0.458854 0.495370 0.036458 0.066667
0 0.492188 0.478704 0.034375 0.061111
0 0.522656 0.471296 0.043229 0.094444
0 0.549740 0.486574 0.032813 0.047222
0 0.578385 0.468056 0.027604 0.060185
0 0.585677 0.516667 0.052604 0.090741
0 0.625781 0.508333 0.069271 0.116667
0 0.731771 0.652778 0.042708 0.066667
0 0.742448 0.555556 0.075521 0.081481
0 0.742188 0.471296 0.039583 0.055556
0 0.735156 0.414815 0.047396 0.072222
0 0.643229 0.434259 0.068750 0.070370
0 0.674740 0.397222 0.067187 0.077778
0 0.574219 0.412037 0.025521 0.055556
0 0.550781 0.418519 0.023438 0.061111
0 0.612500 0.395833 0.044792 0.071296
0 0.349219 0.466667 0.025521 0.038889
0 0.371354 0.450463 0.026042 0.045370
0 0.389583 0.433796 0.023958 0.067593
0 0.373177 0.416667 0.064062 0.066667
0 0.359375 0.393056 0.035417 0.047222
0 0.285938 0.389352 0.044792 0.054630
0 0.267708 0.402778 0.013542 0.022222
0 0.321875 0.357407 0.033333 0.061111
0 0.344271 0.345370 0.018750 0.040741
0 0.289323 0.344444 0.026562 0.040741
0 0.268229 0.342593 0.055208 0.074074
0 0.257812 0.292130 0.059375 0.117593
0 0.306510 0.202778 0.040104 0.044444
0 0.333073 0.192130 0.035937 0.062037
0 0.305990 0.223611 0.043229 0.037963
0 0.305729 0.278241 0.072917 0.087963
0 0.393490 0.112963 0.030729 0.055556
0 0.476823 0.123148 0.021354 0.038889
0 0.360938 0.260648 0.077083 0.126852
0 0.408333 0.212500 0.047917 0.076852
0 0.459115 0.230093 0.026562 0.047222
0 0.404167 0.294907 0.082292 0.089815
0 0.435156 0.334722 0.032813 0.049074
0 0.457292 0.334259 0.012500 0.025926
0 0.415625 0.381481 0.048958 0.088889
0 0.454948 0.319907 0.041146 0.065741
0 0.459375 0.292130 0.018750 0.034259
0 0.486198 0.316667 0.034896 0.066667
0 0.505729 0.300926 0.025000 0.050000
0 0.530990 0.284722 0.034896 0.052778
0 0.546875 0.307870 0.021875 0.023148
0 0.503646 0.262963 0.076042 0.064815
0 0.481771 0.423148 0.055208 0.087037
0 0.434115 0.440278 0.085938 0.165741
0 0.492969 0.368519 0.044271 0.075926
0 0.522656 0.360648 0.031771 0.069444
0 0.525521 0.400000 0.034375 0.064815
0 0.573438 0.350926 0.037500 0.053704
0 0.564583 0.242593 0.089583 0.129630
0 0.554167 0.274537 0.037500 0.069444
0 0.669792 0.206481 0.050000 0.053704
0 0.666927 0.287963 0.047396 0.085185
0 0.640625 0.314352 0.071875 0.104630
0 0.621875 0.331481 0.053125 0.087037
0 0.692187 0.331481 0.037500 0.074074
0 0.760417 0.205093 0.026042 0.043519
