0 0.294531 0.840278 0.048438 0.060185
0 0.222396 0.728704 0.041667 0.038889
0 0.260156 0.717130 0.039062 0.091667
0 0.237500 0.650463 0.030208 0.052778
0 0.261458 0.616204 0.045833 0.050926
0 0.263281 0.667130 0.022396 0.058333
0 0.280208 0.657407 0.018750 0.038889
0 0.300000 0.658333 0.021875 0.050000
0 0.300521 0.713426 0.038542 0.078704
0 0.288802 0.775926 0.024479 0.072222
0 0.309115 0.785648 0.041146 0.075000
0 0.371354 0.817130 0.030208 0.047222
0 0.245833 0.568519 0.031250 0.074074
0 0.281771 0.568981 0.041667 0.076852
0 0.276042 0.521759 0.035417 0.052778
0 0.273698 0.462037 0.039062 0.101852
0 0.297135 0.502778 0.010937 0.092593
0 0.307812 0.550000 0.014583 0.150000
0 0.323437 0.681481 0.023958 0.101852
0 0.358854 0.764815 0.064583 0.118519
0 0.328125 0.623148 0.025000 0.040741
0 0.329688 0.575463 0.034375 0.069444
0 0.365365 0.630093 0.023438 0.056481
0 0.379688 0.676852 0.057292 0.068519
0 0.399740 0.714352 0.051562 0.091667
0 0.353385 0.633333 0.038021 0.120370
0 0.319531 0.531019 0.018229 0.041667
0 0.396875 0.623148 0.040625 0.070370
0 0.428906 0.659722 0.035937 0.062037
0 0.405990 0.587963 0.069271 0.061111
0 0.400000 0.504630 0.041667 0.125926
0 0.357031 0.518519 0.048438 0.044444
0 0.349479 0.554630 0.042708 0.042593
0 0.346094 0.474074 0.040104 0.053704
0 0.328385 0.390278 0.075521 0.112037
0 0.319010 0.320370 0.044271 0.053704
0 0.266667 0.397685 0.026042 0.043519
0 0.563802 0.725000 0.045312 0.074074
0 0.515885 0.781019 0.077604 0.100926
0 0.457292 0.768519 0.151042 0.164815
0 0.413281 0.224537 0.033854 0.041667
0 0.437500 0.222222 0.018750 0.025926
0 0.394010 0.270833 0.028646 0.043519
0 0.376563 0.312963 0.058333 0.048148
0 0.374740 0.390278 0.036979 0.102778
0 0.401562 0.390741 0.035417 0.040741
0 0.415104 0.352315 0.032292 0.050926
0 0.447396 0.339352 0.033333 0.045370
0 0.477604 0.317593 0.022917 0.062963
0 0.486198 0.366204 0.035937 0.056481
0 0.440885 0.418519 0.094271 0.059259
0 0.472396 0.489352 0.033333 0.054630
0 0.446875 0.525000 0.052083 0.068519
0 0.447656 0.482407 0.052604 0.079630
0 0.474740 0.542593 0.059896 0.068519
0 0.461719 0.610185 0.049479 0.105556
0 0.489323 0.637963 0.026562 0.081481
0 0.520312 0.655556 0.057292 0.081481
0 0.509635 0.573611 0.070312 0.086111
0 0.539844 0.603241 0.034896 0.065741
0 0.571094 0.662500 0.039062 0.062037
0 0.447917 0.374074 0.062500 0.053704
0 0.466667 0.250000 0.057292 0.022222
0 0.507292 0.420833 0.021875 0.113889
0 0.526823 0.467593 0.025521 0.053704
0 0.511719 0.516204 0.023438 0.039815
0 0.530208 0.517593 0.029167 0.055556
0 0.640365 0.619907 0.105729 0.154630
0 0.622656 0.560185 0.056771 0.096296
0 0.586198 0.526852 0.029687 0.196296
0 0.570312 0.511574 0.027083 0.136111
0 0.636458 0.460185 0.079167 0.100000
0 0.601562 0.360185 0.028125 0.051852
0 0.600000 0.293056 0.040625 0.087963
0 0.564583 0.346296 0.036458 0.112963
0 0.548698 0.434722 0.035937 0.104630
0 0.524219 0.420370 0.017188 0.061111
0 0.526563 0.358796 0.042708 0.067593
0 0.522135 0.312037 0.060937 0.057407
0 0.508073 0.260648 0.023438 0.054630
0 0.535937 0.238889 0.057292 0.109259
0 0.557813 0.218519 0.029167 0.074074
