0 0.422656 0.594907 0.015104 0.028704
0 0.589323 0.412500 0.029687 0.056481
0 0.577083 0.462037 0.037500 0.070370
0 0.546094 0.442593 0.034896 0.066667
0 0.563281 0.387963 0.030729 0.055556
0 0.562500 0.356019 0.034375 0.054630
0 0.606250 0.378241 0.078125 0.132407
0 0.517188 0.512037 0.039583 0.061111
0 0.481510 0.483333 0.017188 0.044444
0 0.486979 0.489352 0.022917 0.091667
0 0.463802 0.538889 0.068229 0.101852
0 0.513281 0.457870 0.048438 0.073148
0 0.527604 0.396296 0.026042 0.050000
0 0.414062 0.544907 0.036458 0.071296
0 0.390625 0.586574 0.055208 0.073148
0 0.382031 0.535648 0.016146 0.034259
0 0.371875 0.507870 0.025000 0.080556
0 0.338542 0.573148 0.052083 0.151852
0 0.366927 0.474074 0.030729 0.051852
0 0.394792 0.484259 0.022917 0.068519
0 0.431771 0.449074 0.017708 0.044444
0 0.439844 0.481019 0.098437 0.128704
0 0.460156 0.391667 0.027604 0.077778
0 0.447656 0.365741 0.032813 0.059259
0 0.544531 0.333796 0.047396 0.113889
0 0.509375 0.357407 0.079167 0.096296
0 0.492708 0.312963 0.070833 0.098148
0 0.508073 0.264815 0.098437 0.051852
0 0.410938 0.432870 0.038542 0.071296
0 0.370833 0.437963 0.028125 0.038889
0 0.320573 0.530556 0.066146 0.109259
0 0.308594 0.500000 0.058854 0.057407
0 0.299740 0.462037 0.030729 0.057407
0 0.315365 0.448611 0.025521 0.054630
0 0.335417 0.437037 0.042708 0.098148
0 0.351562 0.402315 0.031250 0.058333
0 0.381250 0.430556 0.026042 0.035185
0 0.294792 0.427315 0.043750 0.041667
0 0.247396 0.410185 0.061458 0.051852
0 0.302083 0.387037 0.050000 0.062963
0 0.339062 0.377315 0.029167 0.047222
0 0.353125 0.353241 0.043750 0.036111
0 0.403906 0.358796 0.047396 0.075000
0 0.428385 0.388889 0.016146 0.059259
0 0.413281 0.337037 0.054688 0.061111
0 0.247135 0.325463 0.072396 0.058333
0 0.267448 0.366667 0.052604 0.051852
0 0.234115 0.266667 0.029687 0.057407
0 0.200781 0.289815 0.033854 0.068519
0 0.183854 0.290278 0.031250 0.080556
0 0.207813 0.240741 0.035417 0.046296
0 0.225521 0.196759 0.026042 0.026852
0 0.266406 0.257870 0.057813 0.097222
0 0.285938 0.238889 0.034375 0.050000
0 0.301823 0.211111 0.021354 0.035185
0 0.322917 0.196759 0.019792 0.034259
0 0.310937 0.246296 0.057292 0.070370
0 0.339323 0.335648 0.058854 0.034259
0 0.300260 0.317593 0.035937 0.044444
0 0.387240 0.262963 0.031771 0.070370
0 0.419010 0.281019 0.032813 0.060185
0 0.384896 0.203241 0.023958 0.032407
0 0.408854 0.231481 0.029167 0.053704
0 0.447656 0.247222 0.030729 0.070370
0 0.444010 0.274537 0.025521 0.037963
0 0.446615 0.317593 0.041146 0.046296
