0 0.285938 0.689352 0.068750 0.047222
0 0.251042 0.615278 0.061458 0.102778
0 0.243490 0.577778 0.022396 0.031481
0 0.166927 0.445370 0.030729 0.048148
0 0.196875 0.402778 0.019792 0.044444
0 0.205469 0.466204 0.035937 0.062037
0 0.225781 0.430093 0.028646 0.043519
0 0.242708 0.454630 0.046875 0.053704
0 0.244010 0.481481 0.043229 0.075926
0 0.295833 0.497222 0.060417 0.059259
0 0.291927 0.452778 0.055729 0.061111
0 0.241927 0.348148 0.067187 0.087037
0 0.275000 0.368056 0.069792 0.126852
0 0.322656 0.591204 0.015104 0.023148
0 0.338021 0.617130 0.047917 0.063889
0 0.349219 0.585648 0.040104 0.058333
0 0.379167 0.609722 0.036458 0.067593
0 0.327865 0.500926 0.033854 0.081481
0 0.339323 0.532407 0.056771 0.105556
0 0.312240 0.406019 0.040104 0.045370
0 0.342969 0.403704 0.045312 0.029630
0 0.324219 0.424537 0.044271 0.026852
0 0.340885 0.446296 0.055729 0.081481
0 0.366406 0.467130 0.047396 0.060185
0 0.382292 0.510185 0.051042 0.066667
0 0.382812 0.549537 0.039583 0.058333
0 0.405469 0.602315 0.023438 0.097222
0 0.430990 0.575000 0.035937 0.066667
0 0.458854 0.646296 0.025000 0.037037
0 0.434896 0.687963 0.052083 0.061111
0 0.521354 0.578241 0.021875 0.047222
0 0.583854 0.696296 0.047917 0.064815
0 0.739583 0.603704 0.036458 0.066667
0 0.567448 0.570370 0.033854 0.055556
0 0.444531 0.521296 0.064062 0.079630
0 0.487500 0.545370 0.035417 0.053704
0 0.520052 0.518981 0.114062 0.056481
0 0.512760 0.490278 0.056771 0.034259
0 0.634896 0.534259 0.023958 0.033333
0 0.602604 0.509259 0.043750 0.051852
0 0.580469 0.481944 0.016146 0.026852
0 0.563281 0.455556 0.034896 0.062963
0 0.595573 0.446296 0.019271 0.040741
0 0.630729 0.474074 0.051042 0.057407
0 0.681250 0.456019 0.040625 0.056481
0 0.678385 0.422222 0.086979 0.064815
0 0.471615 0.453241 0.050521 0.071296
0 0.417969 0.457407 0.059896 0.057407
0 0.383073 0.409722 0.030729 0.037963
0 0.352344 0.371759 0.034896 0.056481
0 0.387240 0.367130 0.053646 0.026852
0 0.320052 0.349074 0.075521 0.114815
0 0.320052 0.227778 0.017188 0.038889
0 0.330208 0.198148 0.012500 0.024074
0 0.323437 0.160648 0.035417 0.049074
0 0.367969 0.335648 0.031771 0.043519
0 0.397917 0.339815 0.035417 0.038889
0 0.418750 0.376389 0.023958 0.065741
0 0.436458 0.396759 0.023958 0.045370
0 0.460417 0.402778 0.021875 0.044444
0 0.477344 0.406944 0.020313 0.045370
0 0.483333 0.391204 0.100000 0.076852
0 0.424740 0.317130 0.104688 0.069444
0 0.434896 0.289352 0.052083 0.036111
0 0.468229 0.294907 0.014583 0.034259
0 0.398698 0.275926 0.026562 0.025926
0 0.342708 0.251852 0.044792 0.079630
0 0.395833 0.068056 0.015625 0.021296
0 0.369531 0.187500 0.070312 0.069444
0 0.371094 0.257407 0.070312 0.105556
0 0.412500 0.202315 0.027083 0.050926
0 0.422656 0.241667 0.021354 0.040741
0 0.433854 0.200926 0.025000 0.061111
0 0.453125 0.211574 0.026042 0.060185
0 0.423958 0.171296 0.011458 0.018519
0 0.433594 0.156019 0.015104 0.026852
0 0.448958 0.150926 0.018750 0.040741
0 0.469271 0.161111 0.022917 0.037037
0 0.494010 0.156019 0.024479 0.030556
0 0.497396 0.178241 0.033333 0.047222
0 0.478906 0.206944 0.031771 0.058333
0 0.458594 0.174074 0.016146 0.031481
0 0.660156 0.325463 0.015104 0.025000
0 0.711979 0.348148 0.083333 0.048148
0 0.705729 0.274074 0.045833 0.075926
0 0.707812 0.169444 0.015625 0.033333
0 0.667969 0.209259 0.027604 0.048148
0 0.647135 0.205556 0.019271 0.048148
0 0.627604 0.347222 0.030208 0.090741
0 0.611979 0.405556 0.052083 0.055556
0 0.637240 0.290741 0.017188 0.033333
0 0.611719 0.239815 0.025521 0.037037
0 0.590885 0.245370 0.017188 0.044444
0 0.600000 0.287500 0.022917 0.039815
0 0.583594 0.343519 0.047396 0.122222
0 0.566667 0.371759 0.028125 0.104630
0 0.546875 0.383333 0.029167 0.037037
0 0.548438 0.335648 0.017708 0.045370
0 0.505208 0.352778 0.057292 0.081481
0 0.504687 0.277778 0.070833 0.083333
0 0.523177 0.242130 0.014063 0.056481
0 0.541667 0.248148 0.025000 0.038889
0 0.560677 0.278704 0.050521 0.037037
0 0.561198 0.220833 0.045312 0.075000
0 0.516667 0.201389 0.038542 0.056481
