0 0.767448 0.716204 0.019271 0.036111
0 0.720052 0.674074 0.043229 0.048148
0 0.691406 0.591667 0.041146 0.051852
0 0.678646 0.486574 0.028125 0.071296
0 0.760677 0.564815 0.113021 0.190741
0 0.746094 0.275000 0.028646 0.050000
0 0.734635 0.352315 0.041146 0.141667
0 0.653906 0.341667 0.064062 0.038889
0 0.658073 0.300000 0.034896 0.083333
0 0.560156 0.169444 0.020313 0.037037
0 0.524219 0.134259 0.045312 0.057407
0 0.573177 0.229630 0.019271 0.025926
0 0.547917 0.273148 0.029167 0.020370
0 0.567969 0.288889 0.059896 0.050000
0 0.579688 0.316204 0.030208 0.049074
0 0.600781 0.250926 0.086979 0.027778
0 0.514062 0.259722 0.027083 0.028704
0 0.519792 0.289352 0.021875 0.071296
0 0.532813 0.338426 0.044792 0.069444
0 0.517969 0.396296 0.036979 0.066667
0 0.551562 0.394907 0.047917 0.110185
0 0.585677 0.393519 0.051562 0.112963
0 0.500260 0.428241 0.034896 0.049074
0 0.478646 0.452315 0.032292 0.065741
0 0.483073 0.387037 0.034896 0.068519
0 0.457031 0.412500 0.042188 0.075000
0 0.616146 0.612500 0.055208 0.078704
0 0.554167 0.508796 0.058333 0.080556
0 0.542969 0.568056 0.106771 0.134259
0 0.500000 0.490278 0.087500 0.126852
0 0.464062 0.511574 0.022917 0.041667
0 0.435156 0.518519 0.036979 0.064815
0 0.454688 0.484722 0.041667 0.052778
0 0.343229 0.406944 0.025000 0.030556
0 0.456510 0.949537 0.047396 0.091667
0 0.397135 0.944444 0.072396 0.109259
0 0.521875 0.861111 0.079167 0.051852
0 0.460156 0.851389 0.043229 0.054630
0 0.425781 0.862037 0.019271 0.037037
0 0.322135 0.853704 0.045312 0.064815
0 0.377344 0.815278 0.090104 0.167593
0 0.429948 0.731481 0.029687 0.044444
0 0.461198 0.707407 0.042188 0.070370
0 0.473698 0.663889 0.069271 0.050000
0 0.425260 0.660648 0.053646 0.078704
0 0.392969 0.691204 0.053646 0.078704
0 0.377865 0.629167 0.038021 0.067593
0 0.404427 0.610185 0.030729 0.061111
0 0.418490 0.587500 0.042188 0.087963
0 0.460677 0.598148 0.063021 0.120370
0 0.260417 0.775926 0.072917 0.129630
0 0.295312 0.735185 0.053125 0.092593
0 0.298177 0.821759 0.096354 0.197222
0 0.286979 0.695833 0.055208 0.075000
0 0.257552 0.667593 0.032813 0.075926
0 0.130729 0.637037 0.038542 0.070370
0 0.183594 0.656944 0.073438 0.071296
0 0.246875 0.614352 0.026042 0.052778
0 0.277865 0.622685 0.060937 0.132407
0 0.260156 0.542130 0.033854 0.067593
0 0.228646 0.551852 0.045833 0.112963
0 0.219271 0.515278 0.016667 0.034259
0 0.202344 0.531944 0.020313 0.102778
0 0.311458 0.599537 0.082292 0.200926
0 0.355729 0.564352 0.058333 0.089815
0 0.317708 0.532870 0.032292 0.087963
0 0.298698 0.482870 0.034896 0.052778
0 0.337500 0.488426 0.032292 0.080556
0 0.364844 0.477315 0.025521 0.058333
0 0.233073 0.469907 0.041146 0.063889
0 0.270833 0.457407 0.037500 0.068519
0 0.295312 0.443056 0.019792 0.036111
0 0.197656 0.422685 0.067187 0.087963
0 0.221354 0.374537 0.032292 0.056481
0 0.241667 0.368519 0.033333 0.085185
0 0.237240 0.318056 0.090104 0.097222
0 0.259375 0.394907 0.042708 0.065741
0 0.283594 0.340278 0.075521 0.084259
0 0.289844 0.402315 0.040104 0.062037
0 0.316406 0.443056 0.035937 0.091667
0 0.339844 0.438889 0.025521 0.050000
0 0.353125 0.419907 0.020833 0.036111
0 0.333333 0.401389 0.035417 0.052778
0 0.320573 0.377315 0.029687 0.039815
0 0.427604 0.471759 0.026042 0.032407
0 0.410156 0.494907 0.017188 0.139815
0 0.432292 0.424074 0.033333 0.087037
0 0.398958 0.458796 0.036458 0.187963
0 0.368490 0.408333 0.024479 0.027778
0 0.384375 0.376389 0.061458 0.041667
0 0.390625 0.348611 0.025000 0.028704
0 0.345052 0.347685 0.051562 0.086111
0 0.339583 0.300000 0.038542 0.051852
0 0.307552 0.294444 0.046354 0.044444
0 0.311979 0.254630 0.031250 0.053704
0 0.279427 0.248148 0.047396 0.075926
0 0.323437 0.195370 0.034375 0.046296
0 0.349219 0.264815 0.029687 0.051852
0 0.397917 0.248611 0.020833 0.060185
0 0.413021 0.272685 0.021875 0.049074
0 0.418750 0.330556 0.038542 0.062963
0 0.377865 0.230556 0.051562 0.092593
0 0.355208 0.214815 0.037500 0.050000
0 0.397917 0.180556 0.034375 0.057407
0 0.429688 0.140278 0.055208 0.036111
0 0.467448 0.162963 0.058854 0.053704
0 0.443490 0.226852 0.055729 0.053704
0 0.453906 0.280093 0.043229 0.076852
0 0.480729 0.239352 0.037500 0.050926
0 0.468490 0.342593 0.092188 0.081481
